4534	6411	1	1	62	334	31.33972311	1.045996388	494	58.3	0.134	2.747	0.676	0.088
6089	7745	0	1	39	22	3.477368739	0.116060858	532	56.2	0.006	0.119	0.614	0.037
7776	8877	0	3	18	3	14.00362976	0.467385946	121	59.133	-0.085	-0.883	0.586	-0.073
8938	10272	1	1	26	106	10.62322097	0.35456123	401	56.7	0.18	3.291	0.701	0.132
10160	11523	0	1	49	92	16.66129032	0.556088177	184	55.9	-0.002	-0.008	0.608	0.021
11577	12034	0	1	70	64	64.50873362	2.153047177	108	55.2	0.376	3.508	0.729	0.108
12286	13053	1	1	35	25	8.19921875	0.273657593	236	52.5	-0.121	-1.702	0.545	-0.093
12851	13567	0	1	156	216	11.33193863	0.378215431	115	45.2	-0.139	-1.359	0.584	0.031
15017	15635	1	1	3	31	3.8546042	0.12865149	195	49.1	-0.286	-3.624	0.56	-0.164
16126	18419	0	1	27	80	8.64603313	0.288570495	729	58.3	0.049	1.22	0.664	0.069
18269	21093	1	2	346	1	10.99433628	0.366947595	413	58.4	0.081	1.804	0.639	0.038
21103	24135	0	3	14	31	5.052093637	0.168618966	330.667	56.333	-0.014	-0.046	0.61	0.032
27080	28075	0	1	16	2	6.324297189	0.211080104	326	58.7	0.189	3.155	0.694	0.112
30788	32788	1	2	51	50	3.431784108	0.114539422	318	56.35	-0.131	-2.43	0.585	-0.073
32811	33595	0	2	89	38	4.105732484	0.137033162	114.5	40.65	-0.432	-4.207	0.435	-0.313
36113	36356	0	1	30	10	4.62704918	0.154432658	68	48.5	-0.051	-0.377	0.592	-0.151
37103	39048	1	2	27	41	17.29650565	0.57728916	299	57.8	0.065	1.559	0.68	0.031
40792	41552	0	1	56	63	49.20762155	1.642356387	100.5	57.55	0.215	1.616	0.733	0.208
45022	48916	1	2	142	35	10.18613607	0.339973059	618.5	51.45	-0.337	-7.799	0.524	-0.224
48871	50013	0	2	29	56	211.5538058	7.060831902	145	47.2	0.073	0.818	0.556	-0.004
49962	52743	1	1	108	127	15.0992092	0.503952068	849	41.6	-0.367	-9.777	0.477	-0.186
52255	55058	0	2	28	351	5.782810271	0.193007406	403.5	38.15	-0.567	-9.482	0.417	-0.274
56423	57927	0	2	21	0	9.316943522	0.310962839	228	36.3	-0.474	-6.459	0.43	-0.242
57941	63291	0	7	49	0	5.500840964	0.183596382	232.5	49.517	-0.358	-4.579	0.475	-0.227
64924	65601	0	1	60	63	66.93067847	2.233882146	185	53.2	0.082	0.971	0.685	0.086
65623	67986	0	2	0	35	3.194162437	0.106608548	505	59.1	-0.001	-0.028	0.614	0.056
69903	71142	0	1	3	37	6.911290323	0.23067162	400	59.6	0	-0.004	0.663	0.006
71297	73227	0	2	31	10	11.35732781	0.379062821	308.5	57.8	0.178	2.905	0.707	0.109
73744	76617	1	3	31	0	10.90118302	0.363838507	346	55.25	-0.001	0.329	0.61	-0.011
76507	78946	0	1	75	107	12.64180328	0.421933548	235.667	57.833	0.094	1.353	0.675	0.095
78409	79410	0	1	214	578	14.63572854	0.488482911	70	56.7	-0.103	-0.773	0.584	-0.013
79233	81918	1	3	32	0	6.367833209	0.212533165	324.5	57.5	-0.058	0.054	0.63	-0.03
82871	86493	0	2	18	0	9.386696108	0.313290905	504	57.5	-0.068	-1.416	0.599	-0.048
88715	89885	1	1	20	167	7.31853117	0.244263714	328	56.3	0.162	2.703	0.682	0.07
89543	90953	0	2	23	172	9.058823529	0.302347811	160	54.7	0.005	-0.096	0.602	-0.029
90855	91713	1	1	174	37	4.266589057	0.14240192	216	60.2	-0.04	-0.546	0.629	-0.116
92395	93440	0	1	101	195	50.49713193	1.685395159	250	57.3	0.177	2.541	0.71	0.078
93657	94310	0	1	25	107	12.11620795	0.404391248	174	53.3	0.011	0.132	0.63	0.017
98207	100273	0	1	187	95	13.60716014	0.454153354	595	58	0.171	3.818	0.704	0.098
100419	101145	0	1	63	109	8.390646492	0.280046696	185	57.1	0.013	0.16	0.639	0.044
101141	103351	1	2	118	114	39.08864767	1.304624937	316.5	54.7	-0.036	0.034	0.613	-0.001
103268	104461	0	2	53	0	3.712730318	0.123916299	259	51.7	-0.011	-0.16	0.58	-0.055
104653	108405	0	3	22	0	5.588329337	0.186516399	333	57.6	-0.074	-1.18	0.627	-0.037
108536	109977	1	3	20	30	12.22330097	0.407965591	147.333	58.4	0.107	1.011	0.68	0.09
109989	111631	1	1	23	24	3.635423007	0.121336086	532	57.1	-0.004	-0.093	0.653	0.039
113174	113815	1	2	22	117	36.72897196	1.225868265	77.5	54.95	0.137	0.91	0.679	0.07
114274	115286	1	1	25	13	4.165844028	0.139039448	325	56.7	-0.111	-1.844	0.592	-0.049
115372	116895	1	1	19	173	3.82808399	0.12776635	444	37.2	-0.484	-9.188	0.408	-0.315
116924	118710	1	1	19	283	35.47118075	1.183888154	495	56.8	0.267	5.323	0.749	0.156
118730	119323	0	1	31	5	2.744107744	0.091587497	186	59.3	-0.012	-0.153	0.595	-0.016
119502	120013	0	1	20	6	2.248046875	0.075030941	162	55.3	-0.061	-0.714	0.621	0.06
124068	126182	0	3	24	2	12.73758865	0.425130486	223	57.967	0.069	1.033	0.664	0.073
126282	127112	1	1	108	54	12.77135981	0.426257634	223	56.1	0.069	0.944	0.661	0.005
127114	128878	1	2	37	1	6.424929178	0.214438803	288.5	59.8	-0.058	-0.635	0.629	-0.01
128571	129548	0	1	139	251	14.10838446	0.470882245	196	56.5	-0.024	-0.304	0.612	-0.015
133813	136072	1	2	102	20	8.832300885	0.294787379	358	58.1	-0.092	-1.58	0.58	-0.028
135996	136720	0	1	69	20	2.270344828	0.075775159	212	59.7	0	-0.002	0.614	-0.038
138090	142165	1	2	25	59	58.88861629	1.96546982	400.667	58.1	0.108	1.837	0.659	0.008
142107	146189	0	4	206	126	19.8949302	0.664014326	310	56.7	0.08	1.439	0.638	0.053
146240	146761	1	1	28	41	8.66091954	0.289067345	151	58.5	0.056	0.625	0.628	-0.031
147126	147999	1	1	34	144	3.632723112	0.121245974	232	56	-0.106	-1.496	0.597	-0.059
148046	148598	0	1	107	113	9.790235081	0.326759445	111	53.5	0.103	0.998	0.651	0.042
148621	150239	1	1	25	49	4.442865967	0.148285348	515	51.5	-0.101	-2.122	0.593	-0.026
150187	151951	0	2	33	0	4.464589235	0.149010385	389	56.6	-0.071	-1.287	0.6	-0.048
152497	154953	1	1	30	36	4.996743997	0.166771613	797	56.1	-0.057	-1.481	0.605	-0.051
154740	156309	0	2	2	174	20.76305732	0.692988987	230	56.75	0.091	0.923	0.644	0.01
156294	157210	1	2	46	26	4.534351145	0.151338763	141.5	58.8	0.024	0.466	0.623	0.048
157136	159586	0	2	26	74	31.07017544	1.03699995	358.5	57.95	0.006	0.709	0.639	0.016
159902	161654	0	2	22	94	32.34398175	1.079514582	268.5	57.05	0.144	2.323	0.676	0.03
166602	166949	0	1	24	93	10.3362069	0.344981832	77	56.7	-0.023	-0.187	0.631	-0.059
167015	168144	1	1	50	396	16.02123894	0.534725786	228	61.7	0.088	1.251	0.639	0.014
168146	170428	1	1	30	81	12.83180026	0.428274898	724	55.5	0.239	5.81	0.714	0.091
170476	172298	1	3	22	93	68.35106967	2.281289204	185.333	55.167	-0.035	-0.294	0.631	-0.022
173091	174215	1	2	20	17	2.213333333	0.07387234	182	58.55	-0.116	-1.16	0.562	-0.025
174257	174890	1	1	54	178	18.53470032	0.618615216	134	51.7	-0.165	-1.742	0.542	0.039
174709	176513	0	2	42	0	5.978947368	0.199553689	326	57.3	0.078	1.302	0.682	0.13
176646	177121	1	1	96	26	3.090336134	0.103143235	118	49.2	0.036	0.35	0.592	-0.079
177477	179942	0	2	150	73	8.507704785	0.283953641	374.5	35.5	-0.51	-8.86	0.405	-0.32
181060	182555	1	2	18	0	4.438502674	0.148139719	130	56.9	-0.028	-0.297	0.561	-0.048
184389	185480	0	1	19	29	3.724358974	0.124304418	348	54.8	0.011	0.183	0.628	0.01
185666	187426	1	1	16	8	2.278250994	0.076039035	579	57	0.044	0.966	0.64	-0.022
190443	191706	1	1	29	86	18.93037975	0.631821435	383	58.8	0.273	4.852	0.754	0.175
191522	192536	0	2	65	188	16.41083744	0.547729047	117	51.6	-0.018	-0.164	0.606	-0.012
192615	195519	0	1	3	40	5.206540448	0.173773791	954	57.4	0.047	1.341	0.668	0.061
195581	196286	1	1	49	228	9.35694051	0.312297781	143	56.4	-0.103	-1.162	0.549	-0.091
196019	198957	0	2	24	75	8.575025519	0.286200541	474	58.25	0.142	2.877	0.687	0.086
198976	204110	0	5	21	17	8.48315482	0.28313426	340.4	58.34	0.083	1.28	0.66	0.077
204455	206072	0	2	26	28	3.953646477	0.131957131	262	58.45	-0.113	-1.427	0.607	-0.048
208797	209003	1	1	16	20	7.144927536	0.238469509	57	54.4	-0.183	-1.274	0.584	-0.116
209025	211841	1	1	31	14	2.432729854	0.081194931	924	58.2	-0.034	-0.944	0.615	0.015
211811	212451	0	1	1	13	2.998439938	0.100076103	209	57.9	-0.079	-1.053	0.593	-0.045
212474	214384	1	2	22	0	3.964416536	0.132316593	134	60.4	-0.013	-0.142	0.617	-0.02
214448	215631	1	1	23	72	9.035472973	0.301568462	363	58.5	0.177	3.07	0.707	0.147
215564	216189	0	1	1	79	3.95686901	0.132064686	182	54.2	0.079	0.974	0.603	-0.006
216433	217480	1	1	76	48	8.145038168	0.271849259	308	59.8	0.044	0.718	0.63	0.071
217201	217833	0	1	20	223	22.98420221	0.767122045	130	56.2	-0.058	-0.605	0.561	-0.112
217942	218977	0	1	13	6	3.936293436	0.131377954	339	58.3	-0.165	-2.77	0.596	-0.085
219921	220207	0	1	16	103	11.85714286	0.395744677	56	53	0.244	1.569	0.819	0.132
220278	221453	0	2	56	38	6.306972789	0.210501884	180	55.75	0.048	0.509	0.623	0.038
221454	223398	1	2	44	0	4.225192802	0.141020276	346	59.2	-0.045	-0.782	0.629	0.018
223215	224006	0	2	45	180	15.49494949	0.517160319	92	54.95	0.149	1.014	0.653	-0.013
224017	226885	1	5	43	664	57.98013245	1.935148211	128.8	54.92	-0.014	-0.139	0.617	-0.073
226210	227342	0	1	33	53	4.118270079	0.137451617	349	58.3	0.01	0.171	0.576	-0.033
227892	229317	0	1	32	47	4.837307153	0.16145024	449	58.6	-0.067	-1.32	0.612	-0.025
229484	230125	0	1	71	145	13.64174455	0.455307645	142	46.9	-0.094	-0.988	0.596	-0.07
231094	231739	1	1	68	62	6.63622291	0.221490955	172	51.9	0.017	0.198	0.652	-0.054
231983	232810	1	1	35	253	11.95289855	0.398940625	180	53.5	-0.183	-2.228	0.542	-0.221
232565	235367	0	4	25	0	23.49339993	0.784117058	223.667	58.667	0.151	1.826	0.671	0.077
235416	236978	1	1	71	124	4.003838772	0.133632351	456	57.7	0.036	0.719	0.643	0.015
237038	238278	0	1	3	128	12.01128122	0.400889208	370	55.5	-0.054	-0.967	0.602	-0.029
238325	242250	0	2	21	54	33.38028528	1.114102307	415.667	55.167	0.285	3.757	0.717	0.161
242391	244640	1	2	30	0	4.703555556	0.156986139	360	55.2	0.032	0.567	0.633	-0.058
245840	247106	1	2	11	0	5.370955012	0.179261301	262	59.7	0.018	0.257	0.657	-0.03
247772	248648	0	2	19	137	169.2314709	5.648279236	114.5	57.8	0.317	2.69	0.746	0.247
248767	251464	1	1	92	35	28.21423277	0.941679844	857	58.6	0.108	2.9	0.678	0.066
254061	254979	0	1	134	35	3.152339499	0.105212663	250	55.5	-0.056	-0.8	0.577	0.068
254876	255352	1	1	18	18	6.64360587	0.221737369	147	52.4	0.012	0.131	0.609	-0.075
255437	255860	1	1	37	54	61.09669811	2.039166885	111	53.5	0.095	0.914	0.614	0.063
255910	258458	0	1	23	51	180.3825029	6.020456716	825	56.1	0.359	9.294	0.754	0.132
258566	259201	0	1	23	13	7.658805031	0.255620714	200	59.2	0.098	1.267	0.638	-0.002
259188	262440	1	3	38	68	15.2732862	0.509762072	341.333	56.033	0.03	0.551	0.611	-0.021
262258	263250	0	2	55	127	9.906344411	0.330634717	139	58.2	0.053	0.558	0.614	-0.027
263384	264610	1	1	373	125	65.11083945	2.173143095	243	58.4	-0.003	-0.043	0.601	-0.102
264465	265943	0	2	86	17	3.853955375	0.128629835	227.5	57.5	-0.01	-0.205	0.62	-0.047
265955	270291	1	6	20	302	6.271846899	0.20932952	223.5	52.267	-0.065	-0.631	0.599	-0.088
269838	271482	0	1	9	163	8.427355623	0.281271902	491	54	-0.077	-1.573	0.58	-0.062
273642	275758	1	2	15	0	3.486065187	0.116351111	166	57.4	0.057	0.675	0.647	0.019
275749	279505	0	3	83	19	16.43891403	0.548666133	402.667	59.167	0.128	2.461	0.661	0.111
280663	282592	1	4	38	0	22.06321244	0.736383038	112.667	53.867	-0.052	-0.512	0.623	0.007
284097	288139	1	2	51	0	20.90155825	0.697611602	949	55.4	0.195	5.391	0.705	0.074
288292	289768	1	2	20	8	11.46106974	0.382525318	241	56.3	-0.077	-1.085	0.582	-0.05
289571	290113	0	1	18	186	11.03130755	0.368181551	113	52.2	0.012	0.118	0.589	-0.01
290196	294784	1	3	198	19	54.86424058	1.831152026	448.667	58.6	0.147	2.132	0.677	0.07
294788	296809	1	1	84	96	74.22156281	2.477223118	614	57.9	0.417	9.389	0.798	0.219
296949	299538	0	3	103	31	9.334749035	0.311557117	270.667	58.433	0.009	0.196	0.614	0.039
299598	300491	1	1	30	501	26.9787472	0.900444207	121	56.7	0.11	1.088	0.696	0.083
299962	301482	0	1	35	46	2.667981591	0.089046706	480	56.6	-0.094	-1.915	0.6	0.011
302816	303529	1	1	17	49	30.98179272	1.034050083	216	57.4	0.031	0.413	0.628	-0.004
303531	304388	1	1	284	343	18.74125874	0.625509322	90	51.3	-0.193	-1.668	0.544	-0.123
304554	309179	0	3	136	156	14.8406831	0.495323487	474.667	56.767	0.051	1.135	0.633	0.038
309413	311752	0	3	44	60	9.063247863	0.302495478	246	58.5	-0.034	-0.504	0.613	-0.028
311743	312338	1	1	19	64	17.61241611	0.587833006	171	54	0.039	0.47	0.629	-0.027
312372	314765	0	3	142	31	59.88680033	1.998785267	235.333	55.867	0.007	0.307	0.63	-0.022
314866	316980	1	3	31	0	8.54893617	0.285329782	152.5	56.95	0.079	0.917	0.627	0.039
316991	318015	1	1	19	7	3.156097561	0.105338092	333	59.7	0.061	1.027	0.674	-0.013
318019	318605	0	1	120	128	244.9318569	8.174859641	113	53.1	0.303	2.857	0.771	0.141
318626	320804	0	2	0	53	10.99219826	0.366876237	457	58.4	-0.017	-0.336	0.626	-0.038
319708	323628	0	4	213	338	393.9487376	13.14845556	208	56.52	0.269	2.977	0.685	0.147
323717	326017	0	1	119	64	172.698392	5.763991392	706	57.2	0.269	6.564	0.731	0.136
326085	327373	1	1	28	16	3.888285493	0.129775639	415	58.5	0.054	1.015	0.649	0.06
327391	333462	1	8	3	54	141.9897892	4.739059312	231	55.475	0.236	3.381	0.694	0.083
333485	336207	1	4	32	2	6.683804627	0.223079045	212.75	58.25	-0.009	-0.241	0.616	0.004
336281	336616	1	1	82	26	5.889880952	0.196581003	76	56.6	0.256	2.001	0.66	0.03
336625	337128	1	1	29	73	79.93849206	2.668031675	134	56.5	0.174	1.854	0.669	-0.02
337319	339327	0	2	21	89	11.16426083	0.372619007	302.5	58.65	-0.075	-1.133	0.596	-0.054
339300	340526	1	1	52	74	41.52241239	1.385854407	157.5	57.75	0.339	2.338	0.756	0.266
340583	341785	0	1	17	115	19.45220283	0.649237832	357	58.4	0.212	3.639	0.698	0.138
341831	342844	0	1	401	52	10.74063116	0.358479919	187	56.1	0.08	1.013	0.613	0.012
342793	344840	1	2	0	8	3.975585938	0.132689383	378	56.5	0.032	0.584	0.657	0.045
346811	349217	0	3	71	21	11.27918571	0.376454746	252	55.967	0.025	-0.511	0.632	0.044
349862	351298	0	1	20	13	5.299234516	0.176867554	468	59.4	0.01	0.192	0.613	0.019
352006	353229	1	1	20	22	6.029411765	0.201237991	394	57	-0.064	-1.178	0.619	0.018
354481	357426	1	5	51	121	38.04480652	1.269785635	153	55.6	0.105	1.031	0.651	0.045
357492	359803	1	1	57	71	4.915657439	0.164065263	728	53.8	-0.081	-2.02	0.56	-0.077
359760	360712	0	1	22	7	2.834207765	0.09459468	308	56.1	-0.081	-1.32	0.58	-0.092
362088	366022	1	3	59	7	7.585768742	0.253183051	406.667	55.867	0.022	0.465	0.635	0.014
366034	366920	1	1	19	67	3.92897407	0.131133663	267	49.3	-0.214	-3.214	0.5	-0.116
366683	368626	0	2	52	55	10.92644033	0.364681496	262	47.95	-0.165	-2.644	0.528	-0.1
368902	372407	0	3	201	27	16.52424415	0.551514116	364.667	58.867	-0.073	-1.183	0.591	-0.051
372522	375087	1	3	10	259	17.56936867	0.586396252	247	57.033	0.029	0.366	0.621	-0.003
374664	376470	0	1	22	368	38.73713337	1.292892775	141	51.733	-0.149	-1.696	0.532	-0.078
378931	380948	1	2	50	47	9.180872151	0.306421313	319.5	58	0.016	0.484	0.588	-0.017
380830	382021	0	1	30	40	2.713087248	0.090552155	374	55.8	-0.098	-1.768	0.563	-0.092
381593	382359	1	1	488	27	5.976531943	0.199473071	84	57.5	0.095	0.795	0.629	0.077
382249	385275	0	2	150	54	9.653782623	0.3222052	455.5	58.85	-0.027	-0.561	0.622	-0.027
385344	386562	0	1	34	6	3.11730927	0.104043492	393	61.4	0.021	0.397	0.649	0.064
387265	388243	0	1	23	89	4.668028601	0.155800389	289	57.9	0.134	2.094	0.647	0.138
388468	389714	1	1	26	96	14.86928629	0.496278148	375	56.9	-0.105	-1.891	0.588	-0.026
389919	392924	1	2	34	1	5.634065203	0.188042882	489	57.5	0.033	0.665	0.642	-0.023
392929	393524	1	1	61	76	27.13758389	0.905745549	153	52.7	0.057	0.629	0.638	0.038
393625	395828	0	1	97	168	16.43511797	0.548539436	204.667	56.733	0.04	0.527	0.627	0.045
396679	398737	0	3	228	193	14.10587664	0.470798544	180	55.9	-0.057	-0.453	0.607	-0.014
398835	399869	1	1	35	1	3.390338164	0.11315612	333	57	-0.094	-1.573	0.601	-0.025
399909	400447	1	1	44	93	12.47309833	0.416302842	134	55	-0.177	-1.843	0.599	-0.107
399933	400694	0	1	23	496	51.92782152	1.733145936	107.5	56.3	-0.075	-0.806	0.61	-0.014
401288	402170	0	2	148	176	6.633069083	0.221385692	93	39.9	-0.281	-2.432	0.512	-0.143
402178	403768	0	3	0	13	17.68887492	0.590384899	188.5	58.05	0.011	0.251	0.626	0.061
404889	406164	0	1	19	279	27.54153605	0.91922788	326	58.3	-0.189	-3.145	0.517	-0.135
406350	408868	1	3	39	24	387.0345375	12.91768682	249.333	54.367	0.042	0.645	0.652	0.014
408863	409933	0	1	30	78	7.993464052	0.266790313	321	59.8	0.132	2.176	0.672	0.087
409949	411978	0	2	32	2	5.898522167	0.196869413	327.5	56.4	-0.034	-0.343	0.619	0.041
412118	413350	1	1	29	61	15.73317113	0.525111218	381	54.7	-0.082	-1.501	0.594	-0.053
413306	413652	0	1	38	90	110.7694524	3.697047568	73	54.8	0.042	0.322	0.611	-0.015
413831	415001	1	1	42	46	818.8744663	27.33080094	361	55.2	0.542	9.423	0.789	0.233
414996	415460	0	1	19	68	74.53333333	2.487628789	126	48.1	-0.048	-0.487	0.593	0.036
415516	416972	0	2	21	19	5.550446122	0.185252007	233.5	57.3	0.06	0.867	0.659	0.069
416783	419267	0	2	47	199	20.05794769	0.669455207	361.5	60.1	0.169	2.443	0.684	0.063
419346	423309	1	3	36	64	20.36478305	0.679696162	431	57.233	0.053	1.229	0.645	0.002
423596	425312	1	1	36	472	16.17763541	0.539945683	403	54.2	-0.117	-2.134	0.6	-0.062
424844	426899	1	2	213	69	9.075389105	0.302900705	294	57.25	-0.047	-0.733	0.6	-0.059
427463	428496	1	2	0	1	2.435203095	0.081277478	169	39.6	-0.375	-4.374	0.425	-0.162
428494	430706	0	1	233	117	10.09896069	0.337063489	303	57.7	0.04	0.524	0.635	0.022
430492	431266	1	1	31	75	5.259354839	0.175536527	223	58.9	0.012	0.161	0.617	-0.039
431356	433012	1	1	102	61	299.5286663	9.997085869	498	55	0.329	6.719	0.694	0.098
432973	435071	0	2	31	103	34.48118152	1.150845883	321	59.5	0.21	3.703	0.686	0.12
435379	438651	0	4	23	4	33.76015888	1.12678099	261.75	58.725	0.144	1.618	0.689	0.057
437320	440316	0	2	21	214	26.43109776	0.882165828	297	57.7	0.18	2.425	0.707	0.133
441834	443326	1	1	188	90	6.826523778	0.227842447	405	56.7	0.04	0.747	0.62	0.024
445170	445404	1	1	39	58	492.9744681	16.453544	46	53.6	0.357	2.21	0.713	0.148
445506	446245	1	1	56	66	8.201351351	0.273728771	206	46.8	-0.23	-3.057	0.481	-0.235
446103	448189	0	2	23	112	6.957834212	0.232225072	324.5	56.95	0.085	1.444	0.664	0.084
448820	449315	0	1	2	56	5.931451613	0.197968468	146	57.8	0.011	0.128	0.565	0.144
449370	451804	0	4	56	0	18.75646817	0.626016953	179.333	54.7	0.055	0.553	0.644	0.04
451813	454224	1	1	25	137	13.83955224	0.461909686	750	58.6	0.018	0.449	0.623	0.013
453959	456731	0	3	67	45	30.60223585	1.021381971	297	58.667	0.088	0.953	0.654	0.071
457194	458770	1	2	17	58	12.09638554	0.403729654	227.5	57.3	-0.041	-0.334	0.602	-0.03
458785	460264	1	1	10	62	22.15540541	0.739460076	222	55.4	0.057	1.136	0.671	0.102
460227	463801	0	2	52	69	30.93762238	1.032575851	187.333	55.85	0.206	1.98	0.69	0.108
463876	466920	1	2	25	92	9.82134647	0.327797821	475	55.05	-0.046	-1.038	0.608	-0.065
466721	469366	0	2	147	283	20.38473167	0.680361968	369	57	-0.061	-1.168	0.588	-0.054
470935	473580	1	2	40	26	6.032123961	0.201328514	429	58.55	-0.018	-0.322	0.623	-0.009
473353	474207	0	1	35	157	18.04912281	0.602408553	221	55.2	0.22	2.983	0.7	0.157
474280	475990	1	1	36	346	9.92226768	0.331166173	443	59.7	0.058	1.108	0.665	0.003
475660	477065	0	1	21	5	11.17780939	0.373071204	460	57.2	0.069	1.364	0.683	0.08
477172	479605	1	1	223	165	12.10065735	0.403872231	682	43.6	-0.26	-6.207	0.505	-0.214
479657	480318	1	1	43	481	28.08912387	0.937504202	46	54.3	0.312	1.947	0.728	0.223
480952	482457	1	1	15	6	2.974103586	0.099263851	495	55.8	0.036	0.719	0.664	-0.036
482445	483538	0	2	21	186	36.03107861	1.202575337	148.5	57.9	-0.299	-3.396	0.516	-0.158
483622	484524	0	2	20	12	18.08194906	0.603504164	144.5	56.45	0.113	0.945	0.634	0.066
487221	488421	0	1	51	154	6.84429642	0.228435628	332	57.4	0.021	0.345	0.644	0.002
488464	489505	0	2	22	6	3.906909789	0.130397244	167.5	58.45	0.08	0.771	0.627	0.062
490017	492908	0	3	41	57	29.14004149	0.972579689	296	57.567	0.173	3.135	0.729	0.103
492988	495982	1	4	0	49	10.06076795	0.335788766	239.333	57.4	0.073	1.025	0.675	0.045
495929	497597	0	2	18	1	14.01617735	0.467804736	271.5	58.55	0.044	0.602	0.637	0.058
496472	504419	0	6	86	130	11.40941117	0.380801159	353	57.786	0.006	0.107	0.624	0.008
504368	505571	1	1	25	15	3.699335548	0.123469234	388	54.1	0.028	0.503	0.624	-0.062
505575	507440	1	3	45	18	5.002143623	0.166951831	194.333	57.433	-0.065	-0.799	0.6	-0.042
507914	508505	1	1	27	193	6.427364865	0.214520097	124	56.7	-0.07	-0.712	0.6	-0.068
508229	508762	0	1	59	85	9.428838951	0.314697467	130	56.9	-0.034	-0.359	0.621	-0.009
508783	510360	0	2	28	12	6.954372624	0.232109538	252.5	54.5	-0.04	-0.497	0.601	-0.027
510411	511303	1	1	1	10	2.493840985	0.083234579	294	52.3	-0.037	-0.581	0.589	-0.023
511367	512260	0	1	26	31	6.822147651	0.22769639	279	50.8	-0.183	-2.877	0.513	-0.134
513581	515288	1	2	31	0	5.796252927	0.193456069	240	57.8	-0.126	-1.8	0.582	-0.087
515293	516326	1	1	20	150	15.34526112	0.512164311	288	53.2	-0.195	-3.062	0.583	-0.117
516390	519441	0	4	108	24	110.4918087	3.687780916	230.25	49.1	-0.044	-0.426	0.571	-0.045
519643	523582	1	2	149	74	61.13451777	2.040429156	389.333	56.6	0.322	5.295	0.772	0.234
524352	526210	1	2	15	1148	8.887036041	0.296614222	115.5	49.9	-0.269	-2.437	0.484	-0.217
525271	526390	1	1	89	137	11.25089286	0.375510443	298	56.4	0.072	1.135	0.673	0.088
526223	526833	0	1	20	27	5.605564648	0.187091646	188	59	0.02	0.259	0.634	0.089
526862	527841	1	2	0	6	7.994897959	0.266838171	231	57.6	-0.196	-2.778	0.541	-0.07
527857	530063	1	1	19	40	4.453556865	0.148642168	716	56.2	-0.011	-0.278	0.597	-0.016
530531	531790	0	1	7	92	16.48650794	0.55025463	387	59.5	-0.051	-0.918	0.616	0.085
531868	533096	1	2	16	59	13.544345	0.452056832	191	56.95	-0.047	-0.306	0.594	-0.05
533513	533996	1	1	57	55	449.0950413	14.98902174	124	58.1	0.064	0.651	0.635	-0.008
534049	535283	1	1	18	98	6.105263158	0.203769612	373	58.6	-0.001	-0.016	0.645	-0.004
535091	536910	0	1	376	91	11.11098901	0.370841004	451	60.7	0.069	1.335	0.667	0.052
538321	539243	0	1	24	185	18.79739978	0.627383088	238	54.2	-0.137	-1.937	0.623	-0.014
539341	540400	1	1	73	103	22.3245283	0.745104731	134.5	61.2	-0.049	-0.204	0.626	-0.021
540118	541979	0	2	0	231	12.18528464	0.406696756	298	57.9	0.012	0.189	0.643	0.081
541898	543669	1	2	156	73	14.13995485	0.47193594	242	54.6	0.04	0.495	0.642	0.025
543589	545701	0	1	47	65	3.922858495	0.130929549	667	51.2	-0.04	-0.932	0.624	-0.027
545756	546526	1	1	18	39	6.784695201	0.226446374	238	56.4	0.077	1.093	0.656	0.072
546531	548062	1	2	57	45	12.89947781	0.430533708	236.5	55.55	0.069	0.968	0.657	0.03
547855	551672	0	3	19	164	19.09769513	0.637405763	400.333	56.2	0.013	0.176	0.625	0.016
551825	555238	0	3	104	53	7.063561804	0.235753842	351	56.4	0.045	1.103	0.654	0.049
555276	555536	0	1	3	21	4.463601533	0.14897742	79	53.2	0.006	0.045	0.592	-0.058
557200	560010	1	2	0	394	20.64318748	0.688988204	230	54.35	0.138	1.846	0.653	0.11
558363	560960	1	2	45	195	19.59661278	0.654057667	390.5	56.6	0.09	1.654	0.656	0.041
560616	563006	0	2	25	104	11.51484734	0.384320202	361	56.4	-0.035	-0.077	0.611	-0.023
564097	565308	1	1	26	91	17.93564356	0.598621064	365	57.7	0.164	2.876	0.69	0.082
565318	566096	0	1	17	36	10.7843389	0.359938711	242	53	0.077	1.079	0.68	0.118
566121	567475	0	1	87	47	65.68634686	2.192351263	407	56.3	-0.045	-0.842	0.587	-0.049
573835	576651	1	1	19	68	7.300319489	0.24365588	910	48.9	-0.187	-5.083	0.546	-0.142
576599	578095	0	1	255	66	27.88376754	0.930650218	392	56.9	-0.015	-0.266	0.624	-0.023
578594	579489	1	2	26	191	12.18191964	0.406584445	112.5	56.1	-0.005	-0.041	0.608	-0.091
579312	581191	0	2	17	0	4.730319149	0.157879402	251	56.4	0.117	1.717	0.666	0.121
581198	583434	0	2	36	7	8.825212338	0.294550791	371	57.95	-0.015	-0.643	0.618	-0.011
584412	585293	0	1	29	13	3.343537415	0.111594096	280	57.5	0.038	0.579	0.651	-0.105
585681	587529	1	1	20	56	21.63547864	0.72210697	591	59.2	0.096	2.165	0.59	-0.021
587649	588433	0	1	29	153	12.23694268	0.408420898	201	57.4	-0.101	-1.306	0.59	-0.005
590846	592822	0	2	71	0	14.53667172	0.485176785	431	56.1	0.153	2.904	0.718	0.131
595366	596808	1	1	15	510	18.18018018	0.606782732	145	55.45	0.042	0.624	0.66	-0.001
595736	597971	1	2	20	99	12.86404293	0.429351031	339	56.75	0.088	1.154	0.664	0.06
597977	602241	1	2	0	36	7.482063306	0.249721772	797	60.7	-0.072	-1.889	0.633	-0.02
602192	603413	0	1	44	17	7.461538462	0.249036734	387	57.7	0.159	2.86	0.717	0.093
603459	605695	0	2	20	45	4.470272687	0.149200076	361.5	61.2	0.063	1.409	0.654	0.103
605750	607329	1	2	86	30	4.147468354	0.138426141	234.5	58	-0.014	-0.212	0.631	0.003
607233	607700	0	1	12	78	5.694444444	0.190058103	126	57.9	-0.172	-1.79	0.589	-0.207
607765	613925	1	5	55	13	17.48758318	0.583666575	386.6	58.26	0.111	2.022	0.665	0.048
613950	615456	1	1	22	105	94.70272064	3.160803411	460	57.9	0.116	2.27	0.671	0.059
615361	618334	1	2	0	149	50.78244788	1.69491788	589	59.2	0.067	1.489	0.641	0.02
618337	620289	1	1	25	68	14.4500768	0.482286588	620	59.6	0.15	3.389	0.686	0.058
621248	622240	1	1	29	103	5.164149043	0.172358933	287	57.8	0.209	3.237	0.727	0.121
622078	622355	0	1	15	56	4.31294964	0.143949253	69	60.9	-0.075	-0.572	0.576	0.047
622388	623707	1	1	44	133	501.4234848	16.73553886	381	61.4	0.086	1.59	0.641	0.025
623794	630493	0	8	30	82	61.51477612	2.05312068	250.875	55.138	0.269	3.246	0.725	0.164
630557	634086	1	2	120	95	12.23172805	0.408246854	510	55.35	0.108	2.005	0.662	0.059
634074	636694	0	2	24	15	6.172453262	0.206012153	409	58.55	0.058	0.746	0.646	0.058
636732	642838	1	6	30	144	41.38988047	1.381431014	303	52.667	-0.107	-1.511	0.587	-0.086
642701	644121	0	1	155	66	151.2223786	5.047206743	400	55.8	0.257	4.599	0.734	0.13
644669	647280	1	1	72	119	2.918453292	0.097406464	807	58.9	-0.031	-0.808	0.605	-0.027
647124	650037	0	3	28	0	14.47940975	0.483265607	216.5	57.9	0.058	0.757	0.657	0.076
650181	652709	1	2	51	50	318.6476868	10.63520339	407.5	57.5	0.34	6.47	0.713	0.122
652976	653798	0	1	28	71	82.71081409	2.760560854	92.5	54.4	0.131	1.2	0.666	0.159
657889	659027	1	1	54	170	11.99561018	0.40036617	305	57.9	0.136	2.24	0.674	0.07
662165	662999	0	1	21	67	5.85988024	0.195579697	249	57.8	0.045	0.659	0.661	0.052
666798	668989	1	2	89	58	4.894160584	0.163347783	341	54.9	0.057	0.935	0.643	-0.013
669208	670549	1	1	139	249	27.9485842	0.932813542	318	59	0.31	5.037	0.748	0.231
670296	670846	0	1	28	1	9.702359347	0.3238265	174	56.3	-0.013	-0.162	0.594	-0.062
671621	672657	0	1	195	461	56.34811958	1.880678057	127	53.5	0.073	0.748	0.619	-0.002
672713	673409	1	1	54	7	3.56384505	0.118947096	212	55.8	0.014	0.181	0.629	0.005
673675	674214	1	1	110	106	336.9740741	11.24686594	108	57.4	0.393	3.703	0.698	0.042
674255	675175	1	1	79	26	9.815418024	0.327599952	272	47.8	-0.197	-2.996	0.508	-0.15
675093	675921	0	1	59	71	6.507840772	0.217206065	233	57.8	-0.034	-0.486	0.629	-0.053
675923	677967	1	2	23	0	9.33594132	0.311596911	320	57.4	0.068	1.125	0.674	-0.039
677977	680600	1	1	48	52	74.24466463	2.477994166	403	58.25	0.19	3.878	0.706	0.088
678833	684089	1	4	48	29	57.73501997	1.926967323	399	58.6	0.103	1.874	0.668	0.013
683966	685273	0	2	118	85	17.70489297	0.590919519	187	57.55	0.086	0.587	0.656	0.095
687094	690809	0	4	61	39	269.7613025	9.003568635	254.5	54.5	0.222	3.264	0.71	0.147
691033	691787	1	1	52	61	99.4781457	3.320188271	90.5	54.9	0.102	0.869	0.672	0.151
692562	694045	1	2	237	0	4.944743935	0.165036056	154	58.2	-0.191	-2.181	0.551	-0.115
694052	696774	1	3	20	204	10.77561513	0.359647546	275.667	50.867	-0.18	-2.576	0.561	-0.142
696523	698669	0	2	28	54	2.745225897	0.091624816	347.5	59.1	0.031	0.347	0.642	0.008
698678	700918	1	2	30	78	24.83623382	0.828935558	347	54.7	0.002	0.36	0.635	0.018
701582	704962	1	1	22	65	5.289855072	0.176554505	1098	58.1	0.141	4.288	0.7	0.062
705006	707697	0	1	24	67	43.97956909	1.467864609	417	54.85	0.105	1.935	0.668	0.067
711412	712569	1	1	34	23	6.436096718	0.214811532	367	59.1	-0.014	-0.235	0.606	0.001
717073	718025	0	1	62	249	14.16159496	0.472658202	214	52.5	-0.061	-0.803	0.529	-0.078
723144	724539	1	2	92	128	17.39255014	0.580494747	192	57.5	0.043	0.54	0.577	-0.044
727463	732377	1	6	19	1	10.11190234	0.33749543	268.333	60	0.192	2.362	0.69	0.119
732615	733365	1	1	95	95	4.496671105	0.150081152	187	62	0.164	2.023	0.677	0.042
733427	735572	1	3	109	20	2.699906803	0.090112244	225	62.267	0.165	2.242	0.652	0.116
735625	738155	1	2	26	0	4.486369024	0.149737309	162	63.4	0.137	1.633	0.654	0.102
738158	740778	1	2	1	0	4.616558565	0.154082522	484	62.5	0.189	3.899	0.684	0.156
741369	746590	1	4	27	0	7.930486404	0.264688367	246.667	59.4	0.086	2.152	0.653	0.05
750213	751039	1	1	193	169	13.48246675	0.44999158	155	60.6	0.226	2.571	0.661	0.095
751095	752381	1	2	182	0	9.126651127	0.304611629	227	36	-0.353	-4.732	0.453	-0.217
752393	754579	1	2	181	26	17.16369456	0.57285645	328.5	33.6	-0.521	-8.322	0.421	-0.261
754756	756757	0	2	196	23	28.96953047	0.966888703	213.5	40.6	-0.372	-4.942	0.481	-0.162
756874	757351	0	1	33	115	3.771966527	0.12589337	110	50.6	-0.075	-0.714	0.546	0.004
760212	763756	1	3	310	113	15.31396333	0.511119715	338.333	56.367	0.005	-0.041	0.627	-0.021
763606	764877	0	1	23	34	4.816823899	0.160766589	405	58.1	-0.003	-0.056	0.63	0.039
764961	766197	0	2	0	23	9.61843169	0.321025325	198	56.1	0.058	0.754	0.66	0.073
766202	767268	1	1	14	165	13.1452671	0.438737185	296	57.9	-0.107	-1.699	0.584	-0.057
767158	769585	0	3	47	84	12.23434926	0.408334339	250.667	58.867	0.151	2.119	0.672	0.098
770130	772797	1	1	1	204	12.46776612	0.416124874	821	59.3	0.073	1.947	0.64	0.006
772571	776546	0	2	26	14	6.082746479	0.203018094	648.5	57.45	0.073	1.763	0.66	0.052
776693	779264	0	2	19	67	8.384136858	0.27982943	409	54.7	-0.04	-0.891	0.596	-0.017
779370	779977	1	1	161	129	9.595394737	0.320256443	106	62.6	-0.311	-2.913	0.47	-0.144
782985	783994	1	1	22	109	9.18019802	0.306398813	293	55.7	-0.018	-0.287	0.611	0.014
783885	784777	0	1	29	69	15.5699888	0.519664835	265	58.2	0.06	0.917	0.657	0.056
785211	785941	0	1	231	71	137.247606	4.580783935	143	57.1	0.312	3.387	0.766	0.171
785964	789313	0	3	52	9	9.599104478	0.320380259	349.333	56.6	-0.078	-1.1	0.583	-0.022
789393	790324	0	1	91	67	120.3497854	4.016801309	258	56.7	0.161	2.29	0.708	0.094
791060	791726	1	1	115	6	4.025487256	0.134354893	182	61.2	-0.019	-0.239	0.646	0.05
792003	792514	1	1	7	244	32.76171875	1.093456996	87	60.5	0.124	1.05	0.677	0.182
792319	795058	0	3	10	0	5.931751825	0.197978488	362.5	57.3	0.148	2.423	0.693	0.127
795889	796514	1	1	28	10	5.001597444	0.166933602	196	58.5	-0.086	-1.118	0.612	-0.054
796433	797401	0	1	112	74	7.04747162	0.235216815	261	55.7	0.102	1.528	0.658	0.066
797154	799826	1	3	134	0	8.936401048	0.298261832	301.5	58.9	-0.008	-0.279	0.626	0.051
800768	803075	0	1	95	83	10.05285962	0.335524817	710	53.6	-0.043	-1.037	0.622	0.04
803060	804895	1	1	13	80	5.068082789	0.169152621	581	59.1	-0.037	-0.813	0.6	-0.005
806812	809892	1	2	81	534	15.59591042	0.520529997	267.667	58.3	0.13	1.276	0.674	0.091
809112	810134	1	2	22	38	15.35386119	0.512451348	159.5	56.45	0.144	1.044	0.649	0.067
810101	812814	0	2	91	80	4.081061164	0.13620973	406.5	50.4	-0.116	-2.307	0.562	-0.053
812931	817126	1	5	24	37	9.911820782	0.330817496	266.6	59.28	0.059	0.697	0.644	0.01
817145	819895	1	2	23	0	4.270810614	0.142542819	349	54.5	-0.003	-0.055	0.615	-0.029
820672	821634	1	1	21	6	3.192107996	0.106539979	312	53.2	-0.056	-0.898	0.613	-0.014
821754	823267	0	2	26	3	9.132100396	0.304793504	236	53.95	0.032	0.03	0.654	0.063
823343	825330	1	2	163	0	21.36921529	0.71322015	111	59.5	0.026	0.254	0.625	0.068
825198	826071	0	1	66	205	3.38215103	0.112882866	201	55.6	-0.054	-0.707	0.597	-0.017
827084	828281	1	1	28	99	13.3163606	0.444447612	357	57.5	-0.056	-0.964	0.606	0.005
828495	829535	1	1	87	300	251.6599424	8.399416607	218	52.4	0.155	2.1	0.659	0.1
829643	830948	1	1	18	160	79.27029096	2.645729757	376	57.8	-0.077	-1.391	0.59	-0.051
836867	838975	0	2	40	198	20.43100996	0.681906555	295.5	54.05	0.104	1.236	0.669	-0.044
839012	839848	0	1	39	87	27.61409797	0.921649711	237	59.1	-0.056	-0.804	0.59	-0.062
840173	842285	0	2	53	90	14.88026503	0.496644575	322	56.3	-0.123	-2.061	0.582	-0.062
842328	845368	0	1	21	8	5.294639921	0.176714204	1004	56.7	0.09	2.634	0.658	0.044
845745	846765	0	2	86	77	45.94809011	1.533566079	135.5	55.15	0.181	1.998	0.685	0.036
847205	848486	1	1	28	228	12.3650546	0.412696768	342	56.5	0.057	0.959	0.636	0.058
848826	852637	1	2	44	8	5.854669465	0.195405782	605.5	56.4	0.068	1.153	0.668	0.063
853524	864240	1	6	105	294	14.64794252	0.488890566	564.667	47.567	-0.159	-3.241	0.548	-0.083
863508	865489	0	1	20	672	28.50403633	0.951352344	430	54.7	-0.09	-1.709	0.569	-0.033
865511	867362	1	2	85	154	22.16306695	0.739715788	260	55.25	0.04	0.487	0.641	0.049
867374	869133	1	3	21	12	17.56931818	0.586394567	177	57.067	0.145	1.711	0.68	0.053
869160	871868	1	3	9	16	7.177556294	0.239558529	297.333	55.4	-0.09	-1.321	0.617	-0.045
871796	872330	0	2	0	90	9.469158879	0.316043187	76	44.7	-0.451	-3.479	0.495	-0.136
874373	877956	0	2	69	17	4.811383929	0.160585025	582.5	56.6	-0.157	-3.254	0.566	-0.101
880845	886076	1	1	22	2591	19.31154434	0.644543207	873	59.2	0.076	2.043	0.678	0.092
883539	886916	1	2	296	24	26.57045589	0.886817053	512.5	58.95	-0.053	-0.736	0.602	-0.006
886676	887511	0	1	39	239	10.52990431	0.351446687	186	53.2	-0.047	-0.597	0.589	-0.087
887407	888507	1	1	145	80	6.019981835	0.200923257	292	58.3	-0.008	-0.13	0.632	-0.093
888338	896561	0	8	108	102	101.6082198	3.391281746	304.75	56.775	0.254	3.856	0.699	0.088
896574	901397	1	1	174	39	65.52342454	2.186913559	1537	57.9	0.223	7.949	0.701	0.098
901702	902206	1	1	34	171	40.36831683	1.347335247	100	47.3	-0.064	-0.573	0.647	-0.098
903156	904331	1	1	45	48	24.73044218	0.82540465	361	56.6	0.583	10.14	0.798	0.234
909369	909675	0	1	32	71	69.17915309	2.308927364	68	55.4	0.272	1.998	0.735	0.316
911699	914425	0	1	84	57	13.67400073	0.456384229	862	58	0.21	5.633	0.704	0.126
914523	915216	1	1	90	58	23.76801153	0.79328251	182	56.8	-0.212	-2.688	0.538	-0.071
915498	916946	1	2	90	199	254.4451346	8.492375341	171.5	44.45	-0.348	-4.322	0.445	-0.208
916928	917181	1	1	26	15	7.342519685	0.245064356	71	58.2	0.084	0.659	0.644	0.015
918090	921283	1	4	45	0	12.92955542	0.43153758	115.333	56.5	0.194	1.909	0.664	0.04
921780	923099	0	3	123	0	26.85530303	0.896324127	96.5	54.85	0.027	0.176	0.623	-0.029
923409	923829	0	1	36	118	39.27315914	1.310783202	89	55.4	0.033	0.286	0.603	-0.074
924055	926576	1	2	24	53	16.28945282	0.543677707	399.5	52.05	0.014	0.297	0.658	0.017
926649	927038	0	1	64	71	189.0589744	6.310043125	85	54.1	0.265	2.247	0.701	0.103
926927	927412	0	1	18	165	50.79218107	1.695242736	101	52.5	-0.045	-0.416	0.623	0.013
928121	932619	0	3	40	172	9.338519671	0.311682966	463.667	57.967	0.056	1.062	0.661	0.017
932591	934815	1	2	143	69	10.1658427	0.339295746	331	57.25	0.019	0.275	0.647	-0.004
934773	940455	1	5	91	63	18.07232096	0.603182816	366.4	58.5	0.052	0.965	0.643	0.014
940391	940971	0	1	46	19	2.876075731	0.095992068	172	58.7	0.041	0.482	0.674	0.007
942068	943395	0	2	7	0	2.97063253	0.099148001	182	56	-0.212	-2.659	0.536	-0.101
943429	944149	0	1	22	6	5.511789182	0.18396179	231	55.1	0.144	2.035	0.639	0.022
944547	945402	1	1	71	158	11.49649533	0.383707685	209	56.3	-0.078	-1.041	0.632	-0.071
945125	945655	0	1	16	164	13.92843691	0.464876306	117	55	-0.058	-0.572	0.589	0.026
945879	947795	0	1	22	185	16.25404278	0.54249586	570	52.7	-0.038	-0.819	0.628	-0.084
947898	949903	0	1	54	59	42.39780658	1.415071613	631	57.7	0.364	8.368	0.787	0.219
950193	952740	1	2	44	0	19.18563579	0.640340876	423	58.2	0.105	2.001	0.684	0.044
957546	959761	0	2	24	0	3.235559567	0.107990221	439	58.2	-0.08	-1.562	0.601	-0.027
959818	960692	1	1	19	7	8.028571429	0.267962058	283	56.3	-0.029	-0.442	0.603	-0.031
960816	961627	0	1	7	13	6.077586207	0.202845864	264	53.3	-0.177	-2.647	0.557	-0.024
961648	963809	0	3	19	96	7.065679926	0.235824537	224.333	56.667	0.049	0.72	0.656	0.082
963891	965904	1	2	35	185	23.39920556	0.780973221	298.5	52.9	0.03	0.369	0.638	0.003
965644	966358	0	1	3	82	3.517482517	0.117399697	210	58.3	-0.161	-2.163	0.613	-0.122
966374	967577	0	1	16	156	10.80315615	0.360566757	344	57.8	-0.006	-0.107	0.64	0.018
968920	969954	1	1	17	4	4.9352657	0.16471971	338	57.9	0.02	0.341	0.625	0.031
969968	971717	0	2	78	0	6.992	0.233365391	127	60.4	0.11	1.152	0.632	0.095
971780	973421	1	2	76	71	10.96589525	0.365998346	247	60.45	-0.001	0.003	0.635	0.062
973320	973966	0	1	20	39	4.035548686	0.134690703	196	57.7	-0.076	-0.983	0.613	-0.083
974053	975417	1	2	46	59	19.27326007	0.643265429	196.5	58.9	0.13	1.873	0.67	0.029
975233	976218	0	1	23	135	7.476673428	0.249541879	276	57.5	0.063	0.944	0.668	0.079
979348	979801	1	1	21	40	4.306167401	0.143722889	131	59.8	0.041	0.429	0.674	0.135
979758	981175	0	2	38	0	3.414668547	0.113968172	57	52	-0.124	-0.852	0.582	-0.029
984955	986189	0	1	179	54	181.357085	6.052984424	334	56.4	0.387	6.415	0.761	0.173
986280	987699	1	1	135	73	104.0901408	3.474118483	404	55.4	0.261	4.73	0.712	0.168
991530	996312	1	5	23	81	9.707714823	0.324005244	309.2	57.44	0.036	0.553	0.626	-0.021
996129	997865	0	3	43	151	19.30569948	0.644348128	135	53.467	-0.072	-0.754	0.598	-0.056
998456	999773	0	1	44	8	8.933990895	0.29818139	422	51.5	-0.091	-1.724	0.595	-0.065
1001613	1003785	0	2	39	153	5.601472618	0.18695507	325	61.1	-0.057	-0.888	0.602	-0.034
1005181	1005464	0	1	32	75	134.9788732	4.505062579	59	54.2	0.5	3.196	0.791	0.214
1005588	1007684	1	1	33	165	18.13447783	0.605257368	633	55.2	0.053	1.216	0.658	0.041
1007414	1007942	0	1	62	167	11.29867675	0.37710528	100	51	0.049	0.439	0.642	0.011
1013868	1016126	1	2	20	139	165.8021248	5.533821184	330.5	56	0.198	2.455	0.716	0.128
1016281	1016980	1	1	34	36	2.277142857	0.07600205	210	53	0.026	0.356	0.615	-0.045
1017022	1018274	1	1	22	151	6.632083001	0.221352781	360	52.4	-0.11	-1.95	0.527	-0.036
1018664	1021203	0	2	17	240	3.914566929	0.130652809	374.5	49.95	-0.144	-2.595	0.57	-0.109
1021351	1022730	0	2	30	0	6.262318841	0.209011511	244	58.2	-0.093	-1.328	0.573	-0.072
1025071	1031480	0	4	45	318	13.70436817	0.457397775	502.25	57.65	0.064	1.307	0.629	-0.059
1033272	1034835	1	1	28	36	4.637468031	0.154780398	500	59.5	0.107	2.204	0.678	0.109
1036964	1038102	0	2	16	85	9.09833187	0.303666444	172.5	58.75	0.025	0.191	0.635	0.011
1039128	1039643	1	1	40	5	4.358527132	0.14547045	157	55.6	0.088	1.011	0.622	0.001
1039803	1041746	0	1	21	168	14.0313786	0.468312093	585	57.9	-0.107	-2.379	0.612	-0.052
1043839	1046163	1	2	105	154	12.39827957	0.413805687	339.5	55.05	0.066	1.023	0.641	0.077
1045940	1046366	0	1	10	75	5.946135831	0.198458569	114	47.7	-0.156	-1.51	0.512	-0.077
1046481	1049817	1	3	25	2	7.247228049	0.241883897	365.333	51.733	-0.065	-1.227	0.588	-0.061
1049751	1050679	0	1	119	15	5.181916039	0.172951926	265	55.2	0.123	1.846	0.661	0.103
1050731	1053851	1	3	23	0	8.805831464	0.293903934	408	53.85	-0.038	-0.377	0.611	-0.068
1053871	1054364	0	1	11	6	2.123481781	0.070873449	159	49.5	-0.221	-2.497	0.546	-0.059
1054690	1055301	1	1	32	22	6.009803922	0.200583559	186	58.2	-0.025	-0.315	0.628	0.113
1055615	1056359	1	1	30	379	13.99865772	0.467219999	112	54.8	-0.017	-0.169	0.629	-0.087
1055969	1057484	0	2	22	0	7.28298153	0.243077207	241	56.7	0.023	0.326	0.659	0.035
1059209	1059695	1	1	52	6	5.470225873	0.182574571	143	55.9	0.174	1.91	0.659	0.087
1060891	1063668	1	4	0	105	533.574514	17.80861345	215.333	54.567	0.259	3.432	0.701	0.083
1064646	1068489	1	3	0	1001	42.46904266	1.417449193	247.667	59.1	-0.084	-1.225	0.591	-0.053
1066686	1069884	1	3	20	51	48.03094717	1.603083635	246.75	59.375	0.059	0.749	0.619	0.025
1072232	1073241	1	1	46	28	7.174257426	0.239448425	312	52.5	-0.278	-4.435	0.557	-0.204
1073253	1078492	1	4	0	8	5.928053435	0.19785505	525.667	48.4	-0.131	-0.687	0.574	-0.036
1079424	1080829	1	1	54	56	11.39046942	0.380168958	432	60.3	0.277	5.258	0.739	0.122
1080988	1082954	0	2	103	11	3.767158109	0.125732884	308.5	58	-0.098	-1.529	0.572	-0.037
1082984	1083745	0	1	32	163	17.84776903	0.595688158	189	57.1	-0.14	-1.758	0.628	-0.069
1083722	1084345	0	1	23	49	8.1875	0.273266467	184	58.9	-0.002	-0.025	0.631	-0.025
1087284	1087645	1	1	43	7	3.925414365	0.131014854	104	56.1	0.009	0.081	0.64	0.032
1087702	1091211	1	2	78	60	7.692022792	0.256729392	560.5	57.45	0.045	0.417	0.635	0.012
1091762	1093872	1	2	19	40	4.574135481	0.152666607	341	47.65	-0.186	-3.416	0.509	-0.143
1097757	1099206	1	1	42	31	6.448965517	0.215241041	459	59.1	0.135	2.635	0.657	0.053
1102054	1104620	1	2	50	50	65.80015582	2.196149758	268.667	56.5	0.274	3.589	0.733	0.145
1107462	1108337	0	1	63	15	13.11986301	0.437889297	266	55.4	0.059	0.887	0.606	0.037
1110004	1111854	0	2	74	0	3.687736359	0.123082099	379	55.9	-0.144	-2.608	0.576	-0.088
1111873	1112569	0	1	34	45	3.450502152	0.115164157	206	56.5	-0.151	-1.998	0.617	-0.117
1112826	1113305	1	1	27	27	6.116666667	0.204150216	142	56.1	0.112	1.239	0.654	0.025
1113283	1114934	0	1	210	71	34.47154964	1.150524409	457	57.4	0.338	6.511	0.761	0.215
1116224	1117058	0	1	96	37	4.209580838	0.14049921	234	57.7	-0.086	-1.213	0.622	-0.069
1118636	1120443	1	2	25	185	48.01825221	1.602659928	264.5	61	0.051	0.865	0.637	-0.036
1121129	1123559	0	2	25	23	7.523652818	0.251109866	392	57.8	0.039	0.695	0.659	0.039
1123572	1124167	0	1	19	106	6.924496644	0.231112395	157	53.3	0.042	0.477	0.639	0.034
1124182	1125157	0	1	68	107	8.903688525	0.297170017	267	60.3	-0.037	-0.558	0.61	0.006
1125340	1126740	1	2	33	0	3.82012848	0.127500826	92	51.8	0.268	2.23	0.707	-0.025
1126884	1127673	1	1	17	146	20.4721519	0.683279711	209	56.8	-0.047	-0.607	0.621	-0.056
1127858	1132894	0	5	174	6	6.008139766	0.200528016	324.2	58.58	-0.063	-0.875	0.607	-0.039
1132773	1134232	1	1	195	56	41.40136986	1.381814484	403	56.2	0.281	5.122	0.723	0.134
1134364	1135363	1	1	17	320	12.112	0.404250804	221	42.8	-0.312	-4.184	0.457	-0.217
1137758	1138034	0	1	19	102	9.512635379	0.317494262	52	55.1	0.391	2.555	0.705	0.308
1138388	1140640	0	1	17	76	9.759875721	0.325746169	720	59.3	-0.042	-1.037	0.618	-0.004
1140770	1144919	1	3	31	587	31.99638554	1.067913191	280	56.025	0.178	1.762	0.679	0.073
1144385	1145235	0	1	12	5	15.03760282	0.50189589	278	55	-0.03	-0.464	0.561	-0.05
1145351	1146920	1	1	22	78	24.94904459	0.832700737	490	57.6	0.013	0.259	0.629	0.009
1148501	1149402	1	1	39	14	4.389135255	0.146492029	283	58.8	0.047	0.722	0.627	0.009
1149405	1151309	1	1	40	50	6.820997375	0.227657998	605	57.9	-0.141	-3.193	0.563	-0.097
1151331	1151729	1	1	67	110	18.35087719	0.612479925	74	45	-0.294	-2.255	0.538	-0.228
1157386	1157996	0	1	65	27	3.759410802	0.12547431	173	57.4	-0.13	-1.56	0.58	-0.047
1158004	1160689	1	1	23	65	10.49553239	0.350299488	866	57.1	0.025	0.658	0.652	0.025
1160698	1161572	0	1	64	64	71.64914286	2.391365883	249	59.2	0.344	5.049	0.726	0.133
1162352	1164446	0	1	211	213	19.03627685	0.635355863	557	55.7	-0.002	-0.04	0.634	-0.016
1166033	1166832	0	1	20	93	5.38375	0.179688347	229	56.6	0.196	2.75	0.68	0.084
1166923	1170635	1	3	26	180	10.59008888	0.353455411	356.333	55.933	0.029	0.546	0.648	0.005
1172694	1174011	1	1	1	99	13.48103187	0.449943689	406	52.9	-0.126	-2.324	0.578	-0.077
1173872	1174990	0	1	100	41	6.703306524	0.223729941	326	56.6	0.047	0.778	0.655	0.094
1174992	1175804	0	1	70	86	10.64698647	0.355354428	219	55.3	0.014	0.184	0.614	0.026
1177606	1178897	0	1	220	64	225.374613	7.522115952	336	59.4	0.062	1.047	0.644	0.036
1179142	1182443	0	2	0	153	9.159600242	0.305711341	615	59.2	-0.033	-0.763	0.609	-0.012
1183257	1189449	1	2	240	183	10.00113031	0.333798296	964	57.05	0.04	1.076	0.643	0.045
1189283	1192560	0	1	112	22	9.138804149	0.305017249	1048	41.4	-0.353	-10.416	0.474	-0.153
1196840	1198977	1	1	577	136	122.1571562	4.07712422	475	38.3	-0.374	-7.423	0.449	-0.26
1199410	1200810	1	1	27	48	3.26124197	0.108847398	442	58	-0.068	-1.329	0.61	-0.017
1200525	1204356	0	4	37	248	3.894050104	0.129968039	299	55.7	-0.018	-0.387	0.62	0.017
1209187	1209992	0	4	26	37	435.4578164	14.53386494	52.5	54.4	0.287	1.846	0.67	0.094
1209962	1211558	0	2	29	69	33.80651221	1.128328082	244.5	58.65	0.19	2.724	0.682	0.108
1211577	1213403	1	3	126	90	69.55446086	2.321453657	181	56.3	0.168	2.216	0.673	0.08
1213452	1215201	1	2	28	60	20.96857143	0.699848237	273	57.6	0.127	1.999	0.636	0.042
1215259	1217532	1	3	114	0	3.310026385	0.11047563	162.5	58.75	-0.071	-0.844	0.603	-0.045
1217619	1218202	1	1	31	160	7.130136986	0.237975859	131	53.2	0.032	0.336	0.616	0.011
1218029	1220225	0	2	45	17	7.68320437	0.256435068	341	59.5	-0.006	0.429	0.609	-0.04
1220313	1220929	1	1	36	29	6.653160454	0.222056263	184	56	-0.049	-0.605	0.613	-0.036
1220795	1222460	0	2	62	195	14.73589436	0.491826052	219.5	59.3	-0.032	-0.475	0.609	-0.068
1222619	1223615	1	1	79	120	7.227683049	0.241231562	266	58.9	-0.022	-0.327	0.618	-0.029
1223689	1224259	1	1	32	38	9.793345009	0.326863242	167	55.9	0.067	0.807	0.659	0.048
1224265	1224646	1	1	33	112	12.78534031	0.426724248	79	59.1	0.163	1.34	0.686	0.095
1224758	1227276	0	2	32	83	15.8396189	0.528664025	388	58.45	0.138	2.751	0.713	0.116
1228023	1230508	0	2	0	25	3.902654867	0.130255232	338	58.4	-0.037	-0.626	0.578	0.01
1234287	1236170	0	6	80	51	10.60191083	0.353849981	90.833	46.4	-0.072	-0.632	0.559	-0.007
1238330	1240535	0	2	68	220	15.93245694	0.531762593	311.5	47.4	0.019	0.15	0.59	-0.101
1240539	1241517	0	1	106	18	12.17568948	0.406376507	285	52.5	-0.042	-0.641	0.615	-0.048
1241562	1242387	1	2	87	54	134.6343826	4.493564841	108.5	55.3	0.404	3.654	0.753	0.19
1242347	1242885	0	1	53	108	29.02040816	0.9685868	126	48.1	0.04	0.408	0.605	-0.07
1242824	1243812	1	1	101	3	2.400404449	0.080116036	295	59	-0.136	-2.171	0.546	-0.075
1243699	1246112	0	2	20	131	13.53231152	0.451655202	380	57.6	-0.001	-0.03	0.647	0.047
1244929	1246954	0	1	27	63	18.52813425	0.618396067	308	57.5	0.019	0.367	0.649	-0.008
1246995	1248581	1	1	109	212	10.7284184	0.358072305	422	57.7	0.001	0.02	0.636	0.034
1248567	1249346	0	1	19	26	4.720512821	0.157552105	245	58.5	-0.06	-0.87	0.583	-0.016
1250954	1251858	0	1	12	23	4.648618785	0.155152566	290	56.7	0.034	0.54	0.616	-0.099
1251874	1253515	0	2	26	56	65.67113276	2.191843477	252.5	57.1	0.442	6.367	0.768	0.22
1254722	1255252	1	1	17	10	8.429378531	0.281339419	168	55.2	-0.051	-0.599	0.581	-0.064
1255751	1264857	0	6	56	6	28.55759306	0.953139857	483.667	56.583	0.123	2.217	0.666	0.043
1265064	1267137	1	2	24	80	6.104146577	0.203732345	330	57.65	-0.077	-1.299	0.602	-0.066
1268332	1269671	1	1	33	8	3.381343284	0.112855907	433	54.1	-0.018	-0.349	0.623	-0.023
1270783	1273166	1	3	20	43	6.624580537	0.221102378	258.667	55.8	0.051	0.697	0.639	0.044
1273558	1274439	0	2	179	63	403.8900227	13.48025646	102.5	52.35	0.171	2.023	0.664	-0.047
1275511	1276834	1	1	45	1	2.867824773	0.095716683	426	56.9	0.062	1.176	0.666	0.008
1276672	1277247	0	1	26	268	12.53819444	0.418475494	94	59.9	0.232	2.12	0.69	0.067
1277368	1278306	1	1	92	451	41.86261981	1.397209189	132	57.3	0.026	0.272	0.62	-0.039
1279056	1281945	1	3	23	0	5.893079585	0.196687761	400.5	59.85	0.074	0.507	0.646	0.037
1281955	1284407	1	2	38	336	14.52384835	0.484748792	334.5	55.4	0.088	1.542	0.657	0.043
1284168	1287890	0	3	55	55	5.603814128	0.18703322	393	55.967	0.076	1.288	0.654	-0.022
1287918	1289604	1	1	21	22	2.844101956	0.094924909	548	58.4	0.008	0.18	0.636	0.016
1289540	1290292	0	1	34	5	7.131474104	0.238020487	238	57.3	0.011	0.161	0.655	0.02
1290296	1293249	0	3	18	64	5.593771158	0.186698026	314.333	58.433	-0.055	-0.755	0.625	0.018
1293524	1294966	1	1	18	27	3.783090783	0.126264654	466	55.4	-0.018	-0.355	0.613	0.001
1298515	1301163	0	2	0	115	20.43714609	0.682111355	282	56.05	-0.055	-1.035	0.586	-0.032
1301108	1301790	0	2	21	66	138.9019034	4.635997859	92	55.9	0.447	3.812	0.733	0.148
1305460	1306242	0	2	10	0	3.098339719	0.103410363	91	59	-0.181	-1.609	0.569	0.014
1308948	1310927	1	1	82	65	15.54393939	0.518795409	611	42.7	-0.185	-4.38	0.485	-0.202
1311017	1311561	1	1	11	27	2.433027523	0.081204866	169	53.8	-0.172	-2.039	0.603	-0.105
1311801	1313283	1	1	40	102	16.37491571	0.546530122	447	58.8	0.015	0.299	0.638	-0.004
1313219	1313496	0	1	36	71	338.4964029	11.29767527	57	57.9	0.38	2.626	0.799	0.355
1313543	1313996	1	1	18	67	5.896475771	0.196801112	123	55.3	-0.251	-2.565	0.53	-0.212
1313925	1316051	0	1	28	14	6.059238364	0.202233486	695	57.4	0.077	1.849	0.675	0.05
1316073	1318631	0	1	33	93	10.007034	0.333995338	811	58.4	0.035	0.925	0.642	0.043
1318697	1320482	1	1	37	180	12.62430011	0.421349361	523	56.9	-0.025	-0.521	0.607	-0.009
1322804	1324371	1	1	106	52	8.167729592	0.272606609	470	56.5	0.006	0.12	0.629	-0.009
1325053	1326922	1	1	54	85	7.216042781	0.240843056	577	45.2	-0.289	-6.345	0.502	-0.201
1327997	1330141	1	2	96	0	3.486713287	0.116372742	190	55.3	-0.165	-2.092	0.53	-0.103
1330223	1330936	1	1	27	210	14.19887955	0.473902615	159	51.6	0.094	1.097	0.661	0.155
1330715	1334160	0	4	78	37	9.915554266	0.330942105	262	55.1	-0.011	-0.152	0.611	-0.026
1334099	1337029	1	3	82	24	6.520641419	0.2176333	313	56.4	0.057	0.918	0.642	-0.005
1337058	1338133	1	1	18	86	5.657063197	0.188810464	324	53.9	0.007	0.119	0.598	-0.056
1338162	1338598	0	1	20	60	5.90389016	0.197048575	119	54.3	-0.058	-0.571	0.564	-0.016
1338653	1340540	0	1	82	3	2.497351695	0.083351753	601	56.1	-0.07	-1.606	0.595	-0.055
1340607	1342517	1	1	27	84	5.993720565	0.20004676	600	57.3	0.227	5.085	0.733	0.158
1342486	1344431	0	1	26	48	115.2312436	3.845964566	624	56.5	0.141	3.232	0.69	0.074
1344451	1345999	0	1	16	132	12.44222079	0.415272272	467	58.2	-0.07	-1.402	0.613	0.011
1347160	1347917	1	1	13	7	2.222955145	0.074193478	246	59.6	-0.118	-1.711	0.587	-0.138
1348808	1349394	1	1	26	21	2.810902896	0.093816856	180	60.2	0.085	1.057	0.671	0.071
1349297	1350366	0	1	70	43	6.557009346	0.218847118	319	56.5	-0.059	-0.97	0.579	-0.024
1351551	1351887	1	1	62	47	488.4243323	16.3016784	76	55.7	0.361	2.795	0.786	0.215
1355765	1361316	1	2	22	215	6.152017291	0.20533008	569	54.4	0.008	-0.024	0.622	-0.026
1360735	1361592	1	2	73	33	17.14685315	0.57229435	114.5	54.45	-0.03	-0.365	0.583	-0.061
1361774	1366180	1	6	105	0	14.6151577	0.487796338	185.2	57.7	0.057	0.572	0.668	0.04
1366989	1368439	1	1	272	96	7.155065472	0.238807874	361	52.4	-0.291	-5.09	0.536	-0.088
1372773	1374658	0	3	19	90	28.18345705	0.940652672	173	56.3	0.096	1.134	0.642	-0.03
1374738	1375872	1	1	18	31	5.273127753	0.175996213	362	55.4	-0.052	-0.916	0.605	0.029
1375884	1377034	1	1	27	32	5.551694179	0.185293662	364	55.7	0.143	2.506	0.686	0.08
1377140	1379998	1	4	77	73	36.46589717	1.217087866	220.5	54.5	0.181	2.478	0.683	0.078
1381015	1381359	0	1	28	17	7.895652174	0.263525738	100	56.7	0.039	0.357	0.627	0.018
1381366	1383097	0	3	1	1	5.100461894	0.170233307	189.333	57.467	-0.02	-0.217	0.629	-0.025
1383140	1386095	1	2	52	15	9.800744249	0.3271102	440	58.15	0.11	2.196	0.661	0.04
1386557	1388148	1	1	30	65	2.170226131	0.072433591	499	52.3	-0.095	-1.967	0.53	-0.091
1388086	1396786	0	3	16	23	4.166532582	0.139062429	963.333	47.267	-0.171	-5.223	0.543	-0.131
1398270	1399524	0	1	25	24	6.773705179	0.226079571	402	55.4	0.051	0.923	0.661	0.055
1399637	1403251	1	5	105	148	13.7242047	0.45805984	200.4	54.02	0.035	0.469	0.622	-0.03
1404275	1405253	0	1	50	17	4.529111338	0.151163879	304	55.7	0.037	0.603	0.61	0.017
1406616	1407034	1	1	41	42	3.634844869	0.12131679	112	57.4	0.203	1.962	0.679	0.114
1407857	1408229	1	1	106	27	10.14745308	0.338681973	80	56.7	0.11	0.881	0.64	-0.068
1409535	1413261	1	1	25	129	6.002951435	0.20035485	1191	51.2	-0.07	-2.195	0.609	-0.016
1413214	1414135	0	1	153	73	14.41106291	0.480984459	232	48.7	-0.18	-2.564	0.506	-0.11
1414275	1417366	0	3	64	8	8.250323415	0.275363265	305.667	57.967	-0.084	-1.418	0.578	-0.013
1417472	1420004	1	1	68	125	25.84603237	0.862638652	780	53.7	-0.014	-0.352	0.634	-0.025
1421410	1424627	1	2	65	24	6.431013052	0.214641859	514.5	55.5	-0.035	-0.866	0.618	-0.014
1424662	1426647	1	1	23	37	5.697885196	0.190172942	642	51	-0.16	-3.712	0.546	-0.116
1429718	1430353	0	1	43	80	33.7908805	1.127806357	171	51.3	0.021	0.251	0.662	0.009
1430389	1431319	1	1	49	36	8.627282492	0.287944673	282	55.3	-0.027	-0.427	0.573	-0.025
1431081	1432779	0	2	19	204	9.643908181	0.32187563	226	56.7	-0.055	-0.511	0.621	-0.039
1432834	1434372	1	2	19	0	7.641975309	0.255059004	276	57.5	-0.051	-0.786	0.614	-0.043
1434487	1436088	0	2	22	51	12.85205993	0.428951086	238	55.8	0.274	4.925	0.706	0.121
1436135	1437889	1	1	19	197	4.629059829	0.154499765	513	56.4	-0.17	-3.56	0.545	-0.123
1443526	1445725	1	2	20	0	4.872272727	0.162617253	588	55.9	0.019	0.431	0.636	0.042
1445620	1446025	0	1	25	123	11.39655172	0.380371961	86	53.5	-0.133	-1.095	0.593	-0.035
1446148	1447570	1	1	43	51	93.29444835	3.113800835	443	52.8	-0.081	-1.546	0.602	-0.07
1447563	1450076	0	1	7	284	11.14359586	0.371929292	741	43	-0.259	-6.548	0.484	-0.139
1452599	1453210	0	1	106	128	20.05882353	0.669484439	126	53.4	0.189	1.908	0.669	-0.012
1453271	1454626	1	1	46	50	5.40560472	0.180417772	420	47.3	-0.137	-2.584	0.554	-0.093
1454558	1456115	0	2	31	35	2.622593068	0.087531816	244.5	58.1	0.049	0.725	0.636	0.051
1456183	1456829	1	1	77	42	4.939721793	0.164868437	176	59.1	-0.015	-0.183	0.628	-0.009
1456721	1457969	0	1	60	82	8.926341073	0.297926069	369	57.9	-0.037	-0.654	0.582	-0.022
1457973	1459696	1	1	84	8	6.584686775	0.219770882	544	56.6	0.004	0.081	0.596	0.005
1460822	1461926	1	1	25	57	3.177375566	0.106048268	341	56.8	0.118	1.991	0.673	0.069
1461747	1463592	0	1	21	202	55.18959913	1.842011212	541	55	0.095	2.027	0.655	0.022
1463651	1464861	0	2	44	0	10.51610239	0.350986034	150	56.9	0.145	1.646	0.639	0.092
1464879	1465717	1	1	62	21	2.789034565	0.093086977	252	56.2	-0.105	-1.547	0.565	0.009
1465539	1466463	0	1	29	170	15.10702703	0.504212997	242	57.3	0.059	0.845	0.66	0.025
1466468	1468155	0	1	60	62	52.22985782	1.743226717	522	54.7	0.129	2.751	0.639	0.055
1468096	1472018	1	2	248	35	11.10655111	0.370692884	606	58.7	-0.017	-0.122	0.614	0.002
1471869	1472216	0	1	30	111	12.08333333	0.403294023	69	54.6	-0.167	-1.294	0.568	-0.043
1472521	1476799	1	2	64	806	49.68614162	1.6583275	239.25	53.45	0.134	1.409	0.663	0.071
1474977	1479181	1	5	262	111	57.57265161	1.921548107	236.4	56.88	0.131	1.505	0.659	0.043
1479304	1482801	1	3	157	207	316.7641509	10.57233839	327	56.167	0.348	5.063	0.737	0.154
1482669	1484283	0	2	32	188	19.50650155	0.65105011	224.5	55.65	-0.071	-1.071	0.576	-0.036
1484524	1485033	1	1	25	47	49.9254902	1.666316012	146	57.3	0.091	1.016	0.698	0.109
1484899	1486739	0	1	29	126	11.31776209	0.377742274	562	56.5	-0.003	-0.063	0.648	0.048
1486943	1488162	1	1	40	121	8.647540984	0.288620822	353	58	0.068	1.175	0.615	-0.03
1488179	1488940	0	1	86	76	53.16404199	1.774406101	200	60.3	0.122	1.611	0.652	-0.015
1491575	1494080	0	1	50	221	69.41260974	2.316719226	349.5	55.7	0.095	1.985	0.622	0.06
1494133	1495110	0	1	17	40	4.132924335	0.137940719	307	61	0.048	0.778	0.645	-0.011
1497152	1498624	1	2	65	0	190.778683	6.367440217	358	55.9	0.483	8.276	0.804	0.318
1498702	1500367	0	2	25	0	10.19267707	0.340191372	140	49.5	-0.132	-1.464	0.597	-0.024
1500408	1501415	1	1	81	108	9.232142857	0.308132527	273	56.5	0.173	2.613	0.68	0.041
1501317	1502365	1	1	26	60	7.938036225	0.26494035	321	57.1	0.092	1.519	0.682	0.024
1502252	1503434	0	1	42	73	6.912087912	0.230698241	356	58.8	-0.026	-0.446	0.659	0.051
1504276	1504904	1	1	24	143	17.00476948	0.567552157	154	55.6	0.19	2.182	0.677	0.21
1506315	1508907	1	1	84	583	24.07558812	0.803548204	296	58.3	0.141	2.064	0.707	0.119
1507264	1510982	1	4	20	0	11.59317021	0.386934311	325.667	58.1	0.02	0.336	0.642	-0.002
1511592	1512599	0	2	21	0	27.80952381	0.928172255	86	56.6	0.089	0.735	0.66	-0.156
1515365	1517066	1	1	4	66	4.082843713	0.136269225	544	53.4	0.39	8.586	0.701	0.172
1517196	1518911	1	1	41	79	280.6427739	9.366749246	532	52.1	0.421	9.096	0.706	0.143
1518990	1521363	1	3	4	0	15.64153328	0.522052708	243.5	52.1	-0.179	-2.288	0.546	-0.129
1521304	1523642	0	5	0	178	3.076528431	0.102682389	149.5	44.175	-0.306	-3.295	0.44	-0.209
1528132	1530852	0	2	0	10	5.369349504	0.179207716	732	59	-0.111	-2.772	0.584	-0.036
1530873	1531147	1	1	97	64	145.1345455	4.844018878	38	54.4	0.336	1.91	0.686	0.08
1531194	1532426	0	2	28	0	13.24249797	0.441982368	218	57	0.007	0.098	0.632	0.077
1532493	1534240	1	1	112	70	4.877574371	0.162794201	522	58.8	-0.049	-1.055	0.621	0.037
1534449	1537009	0	4	97	0	6.417805545	0.214201044	223.333	57.933	-0.063	-0.459	0.615	-0.034
1536952	1537641	1	1	34	47	83.58115942	2.789609549	203	58.3	0.277	3.58	0.672	0.052
1543919	1545353	1	2	4	0	4.052961672	0.13527188	195	59.5	-0.082	-1.045	0.525	-0.106
1545278	1548124	0	4	19	104	9.871794872	0.329481589	225.75	57.375	0.057	0.857	0.661	0.021
1548123	1548681	1	1	84	271	12.95706619	0.432455781	68	60.8	0.175	1.347	0.69	0.096
1548572	1548991	0	1	61	59	392.1642857	13.08889759	100	54	0.594	5.501	0.819	0.339
1549084	1551718	0	2	0	95	14.43074004	0.481641204	300	58.4	-0.028	-0.45	0.642	0.042
1551630	1553086	1	2	112	4	5.639670556	0.188229966	223.5	57.75	0.097	1.211	0.644	0.025
1554674	1556563	0	2	50	165	25.92380952	0.865234547	252.5	54.85	0.109	1.677	0.625	-0.018
1557050	1559238	0	2	29	346	7.051621745	0.23535533	277	58.5	0.007	0.071	0.617	0.035
1559301	1560476	1	1	28	74	19.70068027	0.65753103	358	57.6	-0.058	-1.009	0.631	-0.037
1560259	1561208	0	1	30	140	7.029473684	0.234616115	260	56	-0.112	-1.655	0.593	-0.126
1561356	1563413	0	2	24	111	11.196793	0.373704802	314	56.85	0.164	2.779	0.689	0.084
1563507	1566486	1	3	25	196	14.96040268	0.499319254	301	58.5	-0.006	0.125	0.624	0.002
1566306	1568401	0	2	85	18	6.627862595	0.22121192	337	61	-0.03	-0.622	0.618	0.027
1568550	1570939	1	1	77	12	2.377824268	0.079362399	767	55.9	-0.024	-0.6	0.638	-0.028
1570869	1572358	0	1	78	107	22.66577181	0.756494094	435	60.2	-0.032	-0.62	0.649	-0.001
1572455	1583143	1	5	31	93	48.28655627	1.611614859	682	57.18	0.252	5.649	0.707	0.083
1583328	1586106	1	2	79	28	50.85462397	1.697326833	431	55.8	0.115	2.66	0.684	0.044
1586222	1588765	1	1	21	6	3.863207547	0.128938636	839	57.3	0.023	0.601	0.619	0.01
1588806	1589152	0	1	6	11	5.201729107	0.173613208	110	57	0.055	0.513	0.598	0.089
1589184	1590232	1	1	20	9	2.551954242	0.08517417	340	58.8	-0.111	-1.879	0.59	-0.01
1590742	1591646	1	1	57	32	6.280662983	0.209623766	272	49.3	-0.209	-3.179	0.525	-0.168
1592254	1596689	1	4	0	75	16.59558161	0.553895079	372	52.6	-0.177	-3.737	0.558	-0.136
1599286	1600400	0	1	19	67	5.860089686	0.195586688	343	53	0.073	1.249	0.586	-0.004
1600767	1602886	1	3	35	0	4.494339623	0.150003336	118	52.75	-0.278	-2.679	0.527	-0.108
1604265	1605813	0	1	175	54	9.36539703	0.312580026	440	55.2	0.093	1.739	0.639	-0.038
1606114	1606692	1	1	15	3	2.72193437	0.090847437	187	55.4	-0.006	-0.072	0.582	-0.087
1606701	1608004	1	1	45	2	3.028374233	0.101075191	419	53.1	-0.13	-2.422	0.538	-0.068
1608010	1608854	1	1	42	38	4.071005917	0.135874126	255	47.3	-0.198	-2.888	0.536	-0.044
1609262	1610407	0	1	51	111	32.94502618	1.099575075	328	57.3	0.436	7.126	0.812	0.247
1611200	1611886	0	1	33	60	45.87190684	1.531023382	198	57.2	0.322	4.158	0.754	0.173
1611904	1613544	1	2	2	96	30.49664839	1.017857878	237	57.95	0.131	1.855	0.658	0.02
1612909	1614539	0	1	143	555	96.76762722	3.229721851	311	55.8	0.074	1.169	0.649	-0.005
1614968	1617330	1	3	236	38	5.854422344	0.195397534	211.333	54.833	-0.121	-1.716	0.578	-0.106
1617608	1619985	0	2	289	573	58.65264929	1.957594172	234	48.75	-0.135	-1.829	0.536	-0.086
1622915	1625644	1	2	55	0	2.824175824	0.094259854	147	56.7	-0.177	-1.969	0.553	-0.052
1625361	1629480	0	4	31	341	243.9456311	8.141943313	272	57.35	0.092	0.729	0.62	-0.018
1631098	1636599	1	3	241	32	6.177571792	0.206182989	562.333	53.167	-0.032	-0.354	0.607	0.006
1640228	1642171	0	1	138	33	7.031893004	0.234696862	591	56.3	0.059	1.323	0.661	0.013
1641908	1643031	0	1	20	264	11.92615658	0.398048083	280	57.7	0.056	0.872	0.644	-0.011
1643974	1644454	0	1	18	37	3.725571726	0.124344895	142	57	-0.002	-0.02	0.641	-0.027
1646774	1648244	0	1	33	49	3.937457512	0.131416807	463	56.1	-0.082	-1.64	0.609	-0.03
1648183	1648786	1	1	27	40	4.663907285	0.155662836	179	56.4	0.087	1.08	0.595	0.043
1648682	1651079	0	2	93	0	4.205170976	0.140352027	262	56.7	-0.008	-0.122	0.599	-0.098
1651266	1652698	1	1	93	29	3.284019539	0.109607624	437	57.6	-0.018	-0.354	0.636	0.046
1652273	1655943	0	1	109	459	15.46908199	0.516296964	503.5	55.15	-0.021	-0.237	0.59	0.014
1655952	1659057	0	3	35	29	15.76915647	0.526312267	337.333	58.6	0.028	0.3	0.653	0.033
1659081	1667052	1	9	38	22	22.17561465	0.740134581	282.444	57.833	0.073	0.979	0.656	0.033
1667029	1667252	0	1	21	29	4.15625	0.138719237	58	57.5	0.179	1.188	0.694	-0.066
1668103	1670627	1	2	33	2	6.363960396	0.212403906	413.5	59.35	0.052	1.013	0.653	0.053
1671435	1672079	1	1	16	68	18.63410853	0.62193307	187	45.8	-0.12	-1.49	0.557	-0.014
1675408	1678942	1	1	48	73	13.90212164	0.463998006	1138	53.3	0.096	2.943	0.648	0.013
1678900	1681905	0	3	0	77	29.84065203	0.995963306	284.5	56.2	-0.051	-0.245	0.604	-0.041
1682020	1683649	1	4	22	100	95.1	3.17406303	122.5	59.725	0.121	1.049	0.661	0.078
1683717	1687517	1	4	35	73	24.10313076	0.804467469	308.25	57.675	0.046	0.921	0.634	0.022
1687415	1689171	0	1	19	169	13.02731929	0.434800552	523	55.6	0.157	3.24	0.693	0.072
1689686	1692216	1	1	35	24	6.517186883	0.217518002	824	57.1	-0.019	-0.503	0.628	-0.009
1692937	1696895	0	4	43	48	9.218236929	0.307668402	311.75	56.25	-0.059	-1.003	0.597	-0.033
1697090	1698712	1	2	162	0	6.006161429	0.200461987	240	49.4	-0.027	-0.374	0.562	-0.057
1698910	1700855	1	3	23	83	31.04162384	1.03604701	194	55.433	0.005	-0.102	0.601	-0.005
1701302	1702294	1	1	67	203	16.22960725	0.541680298	241	49.8	-0.196	-2.764	0.545	-0.145
1701459	1705066	0	1	53	654	290.4659091	9.694606767	288.333	51.4	-0.154	-1.617	0.536	-0.056
1706655	1707784	1	2	30	8	18.48584071	0.616984475	151.5	57.15	0.051	0.228	0.651	-0.062
1707859	1708435	1	1	22	21	6.993067591	0.233401023	178	54.1	0.014	0.166	0.64	0.036
1708634	1710268	1	2	31	18	4.775535168	0.159388534	262	56.7	-0.176	-2.541	0.528	-0.107
1714281	1716206	1	2	67	20	20.00674974	0.667746422	274	54.1	-0.015	-0.205	0.601	-0.003
1716091	1716665	0	1	27	98	9.51826087	0.317682018	150	56.4	-0.107	-1.206	0.57	-0.077
1716762	1717589	1	1	26	85	19.00603865	0.634346631	239	55.2	0.118	1.646	0.673	0.078
1717649	1720995	0	1	49	58	4.470271885	0.14920005	1080	56.1	0.085	2.549	0.674	0.059
1720997	1723930	1	2	61	498	7.526925699	0.251219102	396.5	56.05	-0.104	-1.792	0.588	-0.051
1723520	1724767	0	1	31	20	2.463942308	0.082236679	399	54.6	-0.077	-1.424	0.568	-0.006
1725862	1728245	0	1	164	57	21.68708054	0.723829238	721	54.3	-0.057	-1.38	0.617	-0.007
1728435	1728844	1	1	18	170	11.24634146	0.375358535	74	51.8	0.144	1.086	0.705	0.155
1728772	1729291	0	1	45	16	6.286538462	0.209819867	153	56.6	0.203	2.292	0.731	0.173
1729275	1730964	1	2	109	0	6.134319527	0.204739399	216	55.2	0.014	0.195	0.647	0.031
1731096	1731884	1	1	63	162	26.60329531	0.887913103	188	55	-0.074	-0.938	0.576	-0.041
1731741	1733268	0	1	21	70	4.458769634	0.14881615	479	57.5	0.151	2.998	0.693	0.086
1733767	1735108	1	2	23	4	5.274217586	0.176032587	218.5	60.4	0.024	0.354	0.659	-0.027
1735117	1735893	0	1	34	38	8.74002574	0.291707598	235	56.3	0.122	1.694	0.665	0.058
1742428	1743365	1	1	80	132	21.41364606	0.714703074	242	60.1	-0.023	-0.323	0.641	-0.017
1743034	1744202	0	2	36	155	32.95808383	1.100010888	163	59.55	0.089	0.88	0.654	0.005
1744235	1747153	0	2	0	46	17.12504282	0.571566407	248.667	58.4	-0.062	-0.807	0.623	-0.018
1747227	1747677	1	1	25	87	52.31929047	1.746211626	113	54.3	0.142	1.365	0.66	0.071
1747623	1748937	0	1	79	219	11.05855513	0.369090967	339	54.4	0.061	1.032	0.653	0
1749060	1752913	1	5	16	51	6.318111053	0.210873635	241.2	55.8	0.055	1.044	0.633	-0.01
1759331	1759891	0	1	72	87	3.024955437	0.100961085	134	54	0.151	1.626	0.657	0.064
1759881	1762521	1	1	49	15	3.277167739	0.109378938	859	58.5	0.068	1.853	0.658	0.09
1762603	1763702	1	1	36	65	5.966363636	0.199133693	333	47.6	-0.101	-1.701	0.563	-0.079
1763620	1764576	0	1	124	92	11.11180773	0.370868329	247	58.8	0.03	0.439	0.626	0.043
1764869	1765439	1	1	218	11	8.486865149	0.283258096	114	55.8	-0.193	-1.866	0.544	-0.121
1765427	1767876	0	2	27	37	3.711428571	0.123872852	389	56.5	-0.025	-0.51	0.618	-0.021
1767933	1768738	1	2	20	56	7.398263027	0.246924849	112.5	55.45	-0.089	-0.394	0.575	-0.044
1772008	1772859	1	1	16	26	5.136150235	0.171424444	270	59.3	-0.097	-1.472	0.548	-0.006
1772884	1775466	1	2	62	40	37.85288424	1.263380026	385.5	55.9	0.247	0.6	0.685	0.154
1775488	1776141	1	1	145	77	10.33639144	0.344987991	144	56.9	-0.015	-0.161	0.597	-0.082
1776146	1778297	1	1	53	71	3.621282528	0.120864132	676	53.7	0.007	0.174	0.616	0.018
1780025	1781245	1	3	23	27	26.10647011	0.871331037	130	57.867	0.067	0.602	0.653	0.006
1781278	1782368	1	1	39	149	5.621448213	0.187621777	301	57.5	-0.02	-0.309	0.606	0.004
1783194	1783922	0	1	19	56	4.934156379	0.164682685	218	58.4	0.034	0.463	0.64	0.018
1783934	1791965	0	4	169	5	7.714890438	0.257492624	643.75	55.5	0.027	0.278	0.625	-0.022
1791726	1792396	1	1	226	4	6.704918033	0.223783727	147	54	0.049	0.547	0.621	0.036
1792715	1793937	0	1	21	497	2719.554374	90.76800207	235	54.8	-0.032	-0.456	0.601	0.02
1794074	1795238	0	1	10	69	3.709871245	0.123820875	362	54.3	0.178	3.063	0.674	0.048
1797041	1797466	0	1	80	37	7.542253521	0.251730684	103	45.3	-0.197	-1.82	0.528	-0.01
1797539	1799110	1	1	77	43	3.597328244	0.120064633	484	51.2	-0.162	-3.259	0.539	-0.133
1799112	1800252	0	2	33	7	4.164767748	0.139003526	179	54.55	-0.052	-0.682	0.589	-0.017
1800351	1802660	1	3	21	20	3.442857143	0.114908997	246.667	59.5	0.072	0.841	0.663	0.13
1802674	1804354	0	3	135	12	11.57882213	0.386455429	171.333	56.667	0.015	0.121	0.638	-0.014
1804240	1810159	1	6	155	17	21.23783784	0.708835288	311.333	55.767	0.106	1.905	0.681	0.056
1809971	1812762	0	2	227	212	16.83560172	0.561906004	390.5	56.75	-0.016	-0.138	0.615	-0.037
1812770	1813884	1	1	44	51	135.8143498	4.532947494	340	54.7	0.381	6.37	0.74	0.222
1814067	1815833	1	2	25	0	28.97679683	0.967131226	395	56.2	0.199	3.558	0.714	0.15
1815766	1817589	0	2	27	82	54.50219298	1.819068305	251.5	55.65	0.133	2.041	0.653	0.046
1817563	1818980	0	1	18	215	27.27503526	0.910333134	395	55.6	0.038	0.695	0.641	0.074
1818720	1820856	0	4	78	270	51.16237716	1.707598421	145.5	55.2	0.014	0.204	0.622	-0.007
1819058	1821771	0	1	1	696	46.54826824	1.553597659	144.75	54.475	0.049	0.705	0.63	-0.007
1821783	1824524	0	4	13	107	7.412472648	0.24739911	219	57.125	0.033	0.151	0.635	0.003
1824612	1825011	1	1	36	76	91.3775	3.049820658	96	52.8	-0.152	-1.357	0.578	-0.009
1824997	1826452	0	2	0	185	15.16346154	0.506096558	362	59.5	0.049	0.859	0.655	0.012
1826511	1827645	1	1	17	26	7.420264317	0.247659166	364	60.9	-0.068	-1.192	0.593	-0.018
1827768	1831846	1	3	32	0	10.73498406	0.358291441	530.5	58.1	0.032	0.734	0.621	-0.007
1832881	1835490	0	2	0	117	6.010727969	0.2006144	344	48.3	-0.131	-2.26	0.561	-0.104
1835596	1836928	1	2	0	134	5.384096024	0.179699896	129	53.2	0.037	0.38	0.654	0.07
1836728	1837057	0	1	10	23	2.975757576	0.099319055	99	60.9	-0.088	-0.808	0.639	-0.097
1837129	1840650	1	5	33	0	45.91567291	1.532484121	186	57.125	0.257	2.498	0.679	0.057
1840716	1842018	1	2	26	20	10.72831926	0.358068996	202	50.65	-0.067	-1.163	0.57	-0.031
1841918	1843893	0	1	24	92	8.052125506	0.268748201	620	56.9	0.123	2.834	0.681	0.106
1847416	1849152	0	2	31	52	76.05354059	2.538367313	261.5	55	0.376	5.457	0.792	0.298
1852455	1853695	1	1	74	384	50.97260274	1.7012645	261	54.4	-0.146	-2.131	0.584	-0.024
1853308	1854753	0	3	24	0	15.94052559	0.532031892	168.5	58.95	0.025	0.323	0.655	0.019
1859983	1861873	1	2	49	63	9.269698572	0.309385989	295.5	53.85	-0.02	-0.2	0.628	-0.017
1861754	1863111	0	1	45	77	7.122238586	0.237712242	412	54.9	-0.118	-2.196	0.571	-0.095
1863269	1865946	1	3	21	0	15.6004481	0.520681447	217.5	55.9	0.112	1.844	0.678	0.039
1865914	1866766	0	2	17	65	18.3950762	0.613955114	126.5	56.3	0.152	1.623	0.677	0.003
1866842	1867510	1	1	31	134	6.801195815	0.2269971	168	58.9	-0.002	-0.025	0.6	0.03
1868856	1870562	1	2	84	107	27.51552431	0.91835971	257.5	57.35	-0.012	-0.496	0.629	0.024
1871421	1873828	0	2	46	102	11.99584718	0.40037408	342.5	54.05	0.034	0.32	0.61	-0.026
1873092	1874433	0	1	36	259	28.39567809	0.947735773	164.5	53.55	-0.035	-0.503	0.566	-0.041
1875250	1876277	1	2	18	34	5.391050584	0.179932012	153.5	55.55	-0.047	-0.53	0.616	-0.023
1876996	1880829	1	2	29	119	20.62519562	0.688387707	578.5	55.75	0.021	0.459	0.648	0.065
1880853	1884231	1	1	128	137	5.579461379	0.186220422	1038	41.4	-0.323	-9.571	0.464	-0.166
1883576	1884388	0	1	14	520	42.96186962	1.433897814	93	55.2	-0.133	-1.175	0.51	-0.138
1884286	1886374	0	1	24	148	90.26089038	3.012552631	639	46.6	-0.136	-3.127	0.582	-0.087
1886477	1891859	0	4	71	0	4.430614899	0.147876456	504	56.633	0.077	0.933	0.661	0.007
1892931	1893788	0	1	53	76	454.7575758	15.17801482	243	56.5	0.229	3.381	0.66	0.074
1893887	1894538	1	2	17	35	55.99846626	1.869008007	95.5	53.15	0.086	0.675	0.642	0.032
1894377	1895648	0	2	18	123	20.20518868	0.674369531	187.5	57.85	-0.049	-0.722	0.624	-0.009
1895669	1896322	1	1	38	97	5.55351682	0.185354494	173	58.4	0.013	0.159	0.614	-0.012
1896895	1898977	1	3	392	2	22.30340855	0.744399837	184	59.3	-0.014	-0.197	0.622	-0.003
1899156	1899580	0	1	30	71	205.4	6.855442128	108	48.8	-0.041	-0.379	0.61	-0.077
1899697	1901674	0	1	73	159	513.2057634	17.12878486	269	56	0.227	3.151	0.687	0.071
1901752	1903694	1	3	20	37	9.639732373	0.321736258	205	57.333	-0.025	-0.38	0.625	0.028
1903434	1906834	0	4	0	224	18.92149368	0.631524853	245	57.6	0.076	1.171	0.684	0.049
1906858	1907461	0	1	35	62	7.117549669	0.237555744	169	57.2	0.116	1.394	0.711	0.112
1910190	1911590	0	2	32	35	4.299785867	0.143509899	222.5	59.3	0.049	0.477	0.624	0.048
1911628	1911941	1	1	24	62	25.11146497	0.838121689	76	53.9	-0.049	-0.379	0.627	-0.104
1911935	1913842	0	1	35	43	31.30870021	1.044960966	610	56.9	0.211	4.725	0.695	0.08
1913096	1916102	0	2	266	760	30.70169604	1.02470156	327.5	57.6	0.105	1.748	0.64	0.043
1916535	1917884	1	1	85	68	62.41851852	2.083284038	399	52.5	-0.071	-1.286	0.576	-0.076
1919135	1922222	1	3	229	40	9.403173575	0.313840858	311	47.333	-0.226	-3.756	0.51	-0.176
1925682	1926741	0	1	40	153	3.498113208	0.116753226	289	55.1	-0.188	-2.958	0.536	-0.035
1926805	1930559	1	2	88	73	36.28335553	1.210995346	578.5	49.85	-0.006	-1.307	0.604	0.001
1930340	1931204	0	1	22	135	12.37687861	0.413091407	236	54.4	-0.086	-1.199	0.615	-0.026
1931311	1932628	0	1	23	29	4.528072838	0.151129218	422	57.8	-0.057	-1.066	0.643	-0.04
1932612	1935312	1	3	153	137	13.9955572	0.467116516	266	56.833	-0.105	-1.417	0.58	-0.051
1935448	1936395	1	1	24	3	6.143459916	0.205044469	307	59.2	0.107	1.72	0.7	0.143
1936282	1936826	0	1	27	107	6.634862385	0.221445546	137	60.8	-0.12	-1.318	0.58	-0.072
1938197	1942984	0	2	170	83	12.8091061	0.427517457	756.5	59.45	0.024	0.699	0.63	0.008
1943283	1943912	1	1	25	71	7.279365079	0.242956505	178	42.3	-0.16	-1.92	0.504	-0.07
1943940	1946299	1	2	11	223	3.570338983	0.119163838	355	43.25	-0.415	-7.055	0.441	-0.21
1946140	1948604	0	3	21	14	14.09776876	0.470527935	250.333	57.033	-0.086	-0.932	0.588	-0.052
1948660	1952601	0	3	14	0	4.299086758	0.143486565	322	56.55	-0.119	-1.978	0.59	-0.053
1952745	1953265	1	1	74	240	19.96353167	0.666303973	69	50.7	-0.031	-0.223	0.638	0.015
1953063	1955320	0	2	96	11	39.93268379	1.332795534	344	57.6	0.145	1.796	0.657	0.048
1954758	1957459	0	3	48	56	38.87749815	1.297577598	201.75	57.8	0.116	1.457	0.664	0.059
1960830	1961898	1	1	21	7	3.291861553	0.109869359	347	47.3	-0.231	-3.976	0.513	-0.097
1961903	1963645	0	1	63	84	10.53126793	0.3514922	532	52.5	-0.061	-1.262	0.587	-0.019
1963696	1965784	1	3	52	6	18.4193394	0.614764924	208.667	53.733	-0.051	-0.651	0.597	-0.08
1965647	1967648	0	2	49	107	5.52997003	0.184568595	309.5	58.25	-0.058	-1.017	0.603	-0.054
1967702	1968675	1	1	68	93	21.10985626	0.704563768	271	56.6	-0.05	-0.76	0.579	-0.034
1968614	1969918	0	1	20	40	6.442145594	0.215013419	415	59.2	0.125	2.361	0.676	0.065
1969931	1972254	0	2	26	0	15.26936317	0.509631137	469	59.1	0.192	3.782	0.72	0.103
1972283	1972808	0	1	30	7	3.847908745	0.128428022	163	55.6	-0.154	-1.813	0.545	-0.075
1973439	1984570	0	7	77	19	24.00889328	0.801322193	509.857	47.157	-0.169	-3.45	0.536	-0.128
1984245	1985128	0	1	47	402	53.59502262	1.788790535	145	55.4	0.068	0.736	0.674	0.034
1985142	1988893	0	3	280	0	18.17857143	0.606729038	479.5	58.25	0.041	0.946	0.645	-0.004
1986089	1989696	0	1	91	287	18.27161863	0.609834587	485.5	57.25	0.075	1.409	0.671	0.014
1989951	1991188	1	1	24	336	24.48869144	0.817335964	140.5	57.15	0.046	0.511	0.61	-0.006
1990819	1992304	0	1	23	201	16.9448183	0.565551223	201	57.45	0.126	1.794	0.653	0.056
1992366	1994600	1	2	3	0	4.058612975	0.135460498	365	60.1	0.039	0.69	0.626	0.108
1994383	1995535	0	1	209	182	11.613183	0.387602259	254	56.7	-0.053	-0.772	0.591	-0.074
1998376	1999918	0	2	22	280	47.50421257	1.585503311	193	57.95	0.087	1.153	0.663	0.041
2000131	2001940	0	3	0	74	5.756353591	0.192124386	230	59.4	0.087	1.179	0.66	0.089
2001962	2005914	1	5	20	89	11.26486213	0.375976682	250.8	59.32	-0.021	-0.316	0.613	-0.037
2006027	2009021	1	3	20	31	9.291819699	0.310124305	325.667	59.667	-0.009	-0.211	0.62	-0.022
2009212	2011148	0	3	21	20	9.931853382	0.331486106	197	58.333	-0.013	-0.034	0.62	-0.061
2015619	2016328	1	1	26	231	11.40985915	0.38081611	151	55.2	0.133	1.514	0.717	0.098
2016026	2018093	0	1	55	117	5.952611219	0.198674692	632	58.8	0.049	1.136	0.648	-0.04
2018328	2019540	1	1	61	123	28.73042045	0.958908153	343	56.9	0.138	2.301	0.684	0.121
2019426	2021454	0	1	25	72	3.733859044	0.124621493	644	53.9	-0.083	-1.917	0.605	-0.043
2022027	2023569	0	1	29	62	9.239792612	0.308387846	484	57.4	0.052	1.057	0.636	0.007
2025681	2027976	0	2	99	112	9.881097561	0.329792076	347	54.05	-0.02	0.032	0.613	-0.051
2027910	2029202	1	1	19	89	30.13302398	1.005721529	177	55.7	0.114	1.813	0.65	-0.042
2029183	2030157	0	2	24	51	17.41641026	0.581291103	135	57.35	0.1	1.073	0.654	-0.016
2030297	2032261	1	1	25	119	8.109414758	0.27066029	607	56	0.08	1.785	0.665	0.028
2032100	2032718	0	1	22	90	20.64297254	0.68898103	169	55.8	-0.154	-1.836	0.538	-0.163
2032854	2033612	1	1	0	41	79.27931489	2.646030941	41	52.8	0.043	0.245	0.602	0.069
2033846	2036055	0	2	359	25	10.34343891	0.345223208	305	59.95	-0.024	-0.386	0.617	0.007
2035711	2040202	1	4	19	159	4.501335708	0.150236838	344.5	56.575	-0.016	-0.177	0.633	0.005
2040450	2040942	1	1	24	91	55.77484787	1.861544507	126	50.5	0.267	2.741	0.668	0.08
2041478	2044373	0	3	53	3	8.561118785	0.285736389	299.667	57.433	0.005	0.165	0.619	-0.014
2044382	2047420	0	3	23	6	55.02467917	1.836506834	310.667	56.1	0.047	0.897	0.652	0.01
2047490	2050003	0	2	23	77	44.12490056	1.472715201	389	56.1	0.077	2.274	0.651	0.111
2050849	2051994	1	1	56	100	9.059336824	0.302364943	330	57.2	0.225	3.786	0.703	0.116
2051884	2052859	0	2	28	7	40.65778689	1.356996617	157	56.3	0.118	1.053	0.625	0.058
2052953	2055468	1	2	28	56	21.41017488	0.714587219	392	55.65	0.137	2.546	0.672	0.043
2055427	2057874	0	2	221	18	20.66503268	0.689717311	369.5	57.4	-0.024	-0.379	0.621	-0.023
2057797	2058352	1	1	22	219	46.89568345	1.565193009	105	48.3	-0.152	-1.455	0.522	-0.226
2058564	2061545	0	3	18	160	6.327967807	0.211202615	301	51.2	-0.118	-1.802	0.561	-0.11
2061855	2062349	0	1	28	65	29.56565657	0.986785042	134	49.3	-0.168	-1.768	0.563	-0.12
2064105	2065001	1	1	75	105	3.209587514	0.107123376	239	58	0.034	0.48	0.623	0.05
2064824	2066397	0	3	27	102	24.841169	0.829100275	134	56.5	0.199	1.816	0.66	0.055
2067396	2067857	0	1	122	52	325.2121212	10.85429833	96	56.3	0.361	3.227	0.744	0.062
2067920	2070254	0	1	74	38	6.357173448	0.212177384	741	59.6	0.077	1.95	0.66	0.074
2070344	2071216	0	1	50	4	4.972508591	0.165962731	273	60	-0.051	-0.783	0.61	-0.063
2072056	2072826	1	1	37	20	4.464332036	0.149001801	238	59.2	0.085	1.24	0.606	0.071
2073003	2074449	1	2	25	0	7.714581894	0.257482326	197	55	-0.139	-1.799	0.571	-0.035
2074574	2075799	0	2	18	24	9.212071778	0.307462634	198	55.9	-0.011	-0.035	0.633	-0.029
2075845	2079133	1	2	26	0	7.118273031	0.237579887	161	56.1	0.281	3.205	0.743	0.199
2081448	2082816	1	1	58	87	6.6917458	0.22334409	408	58.6	0.003	0.05	0.629	0.036
2082726	2084954	0	4	32	0	47.98968147	1.601706349	172	57.767	0.145	1.253	0.649	0.02
2085056	2085543	1	1	21	173	11.17827869	0.373086868	98	58.5	0.113	1.031	0.696	0.082
2085551	2085833	1	1	33	4	11.43109541	0.381524893	82	56.1	0.012	0.099	0.594	-0.094
2085761	2090061	0	2	124	132	43.98581725	1.468073148	660.5	58.15	-0.007	0.981	0.614	-0.048
2090084	2092338	0	3	117	4	17.7804878	0.593442576	231.333	57.333	0.028	0.939	0.631	0.008
2093307	2097676	1	4	56	0	7.269336384	0.242621786	359.333	56.767	0.02	0.391	0.638	0.035
2097781	2099455	1	1	18	70	11.48477612	0.383316544	529	58.9	0.023	0.488	0.64	0.041
2099490	2101026	0	1	22	58	233.5048796	7.793472194	222.5	56.8	0.184	2.708	0.682	0.098
2101102	2103073	1	2	16	51	2.97464503	0.099281922	314	58.4	-0.015	-0.336	0.629	-0.022
2104481	2108085	0	4	26	0	12.09237171	0.403595689	260.333	53.2	-0.063	-0.843	0.6	-0.054
2108509	2109345	0	1	6	24	4.286738351	0.143074424	269	50.8	-0.046	-0.686	0.579	-0.016
2110157	2111810	1	1	24	7	3.142684401	0.104890414	541	58.8	0.021	0.454	0.632	0.042
2111810	2112697	0	2	25	0	18.33671171	0.612007137	140	55.2	0.119	1.295	0.642	-0.003
2112719	2114132	0	1	142	258	20.5834512	0.686994443	338	59.8	0.174	2.954	0.705	0.137
2118041	2121371	1	2	21	0	8.314620234	0.27750924	130	56.4	0.175	1.834	0.691	0.059
2121474	2126269	0	2	233	47	969.1382402	32.34601324	749.5	56.8	0.452	11.255	0.764	0.256
2127819	2129310	0	1	7	42	5.556970509	0.185469765	481	58.4	-0.004	-0.08	0.643	0.012
2130292	2132334	1	1	36	75	5.717572198	0.190830016	644	59.5	0.049	1.137	0.664	0.067
2132200	2133222	0	1	25	56	7.506353861	0.250532495	314	57.4	0.065	1.055	0.652	0.044
2133272	2134587	1	1	27	44	7.034194529	0.234773678	415	59.8	0.037	0.7	0.641	0.028
2134591	2135472	1	1	17	487	38.14058957	1.272982495	126	51.6	0.072	0.74	0.637	0.054
2135106	2135812	1	1	19	55	12.27864215	0.409812661	211	57.3	0.056	0.751	0.589	-0.026
2135662	2137356	0	2	84	105	58.0460177	1.937347201	228.5	58.6	0.121	1.556	0.68	0.082
2137504	2138538	0	2	75	0	13.94589372	0.465458945	90	52.6	0.136	1.193	0.656	0.114
2139881	2140684	0	1	17	10	5.043532338	0.168333223	259	60.2	0.088	1.309	0.677	0.12
2140771	2141851	1	1	32	47	20.92229417	0.698303685	334	57.6	0.117	1.951	0.669	0.09
2141852	2142258	0	1	76	76	4.304668305	0.143672855	85	43.1	-0.266	-2.186	0.516	-0.238
2142268	2143346	0	1	36	11	5.887859129	0.196513522	344	56.6	-0.021	-0.355	0.623	-0.015
2144403	2149666	0	4	141	146	28.02488602	0.935360196	406.5	54.075	-0.017	-0.331	0.597	-0.037
2149628	2153797	1	2	174	28	27.37314149	0.913607533	413.667	56.033	-0.01	-0.042	0.628	0.016
2152607	2155549	1	4	32	0	19.0764526	0.636696771	270.667	58.1	0.04	0.494	0.624	0.03
2157931	2160506	1	1	107	78	8.833850932	0.294839113	797	54.5	-0.029	-0.742	0.632	0.026
2160457	2163696	0	2	121	100	37.57777778	1.254198057	490	56.9	0.071	1.368	0.657	0.049
2164577	2167016	0	3	25	74	13.12909836	0.438197537	255.333	54.333	0.106	0.81	0.667	0.057
2167125	2167917	1	1	24	1	5.912988651	0.197352247	256	58.7	0.139	2.063	0.676	0.007
2167968	2168397	1	1	34	81	15.79302326	0.527108846	105	56.2	0.154	1.397	0.597	0.126
2168609	2169646	0	1	61	62	54.53082852	1.820024046	305	53.9	0.109	1.746	0.661	0.085
2169842	2173272	1	2	0	4	9.171087147	0.306094728	613	59.2	0.221	5.041	0.672	0.131
2177348	2179490	1	1	119	29	4.277648157	0.142771029	665	48.6	-0.269	-6.342	0.515	-0.134
2181832	2184155	1	3	39	79	3.771944923	0.125892649	244.333	57.033	-0.008	0.023	0.631	-0.03
2184049	2184549	0	1	26	70	11.30538922	0.377329316	135	58.5	0.042	0.429	0.613	-0.065
2184670	2188470	0	4	16	70	6.193107077	0.206701495	307.75	49.625	-0.048	-0.587	0.597	-0.069
2191993	2192936	1	1	32	3	2.636652542	0.088001066	303	61.4	0.004	0.07	0.616	0.015
2192944	2193526	0	1	24	16	4.59348199	0.153312317	181	57.5	-0.113	-1.394	0.558	-0.079
2193713	2196027	1	2	17	37	39.13477322	1.306164426	360	55.95	0.138	2.378	0.656	0.041
2196264	2197176	0	1	48	10	4.301204819	0.143557258	285	56.1	-0.064	-1.01	0.616	-0.036
2197267	2202518	0	6	9	23	54.65022848	1.824009146	275.5	56.083	-0.003	0.462	0.604	-0.042
2207101	2207864	1	1	66	518	25.82198953	0.861836197	60	51.7	0.233	1.597	0.714	-0.054
2207291	2208104	0	1	23	215	17.73341523	0.591871479	192	55.9	0.25	3.222	0.666	0.114
2208017	2209232	1	2	137	82	6.902960526	0.230393605	165	50.15	-0.158	-1.824	0.578	-0.12
2211294	2213043	1	1	255	76	12.40514286	0.414034756	473	61.2	0.031	0.623	0.636	0.038
2213482	2216310	0	3	23	177	6.251325557	0.208644599	284	59.533	0.048	0.673	0.659	0.045
2216490	2220641	1	1	18	78	35.51011561	1.185187646	1352	58.6	0.327	10.881	0.778	0.232
2221194	2223008	1	1	740	49	8.923415978	0.297828441	342	35.2	-0.329	-5.422	0.477	-0.212
2223602	2224752	1	2	0	10	3.180712424	0.106159639	144	56.5	-0.108	-1.155	0.602	-0.054
2226025	2226519	1	1	6	24	10.07070707	0.336120494	155	54	-0.025	-0.282	0.604	0.02
2226243	2226897	0	1	94	225	6.003053435	0.200358254	112	59.2	0.151	1.442	0.711	0.092
2226875	2228285	1	1	33	115	38.49043232	1.284658867	421	59.5	0.156	2.925	0.675	0.102
2228499	2229929	0	2	19	30	5.867924528	0.195848184	229.5	58.95	0.018	0.302	0.627	0.017
2230009	2230753	1	2	0	27	6.269798658	0.209261158	137	51.8	-0.251	-2.696	0.505	-0.138
2230784	2232944	1	2	39	187	15.67376215	0.52312838	314	54.8	-0.093	-1.519	0.582	-0.043
2234021	2237671	0	2	28	120	8.788551082	0.293327183	579	47.2	-0.285	-6.338	0.495	-0.156
2238277	2241084	0	4	0	224	74.96509972	2.502039449	230	55.467	0.049	1.916	0.628	0.002
2241057	2243337	1	2	63	686	69.48706708	2.319204318	240.5	58.75	0.072	0.822	0.659	0.061
2242681	2244536	1	2	32	0	15.32381466	0.511448513	385	59.6	0.263	4.698	0.731	0.203
2244712	2244948	0	1	8	13	2.29535865	0.076610021	72	57.9	0.023	0.176	0.624	-0.013
2245016	2245713	1	1	21	188	9.362464183	0.312482139	163	54.6	0.093	1.103	0.66	0.086
2248661	2251096	1	1	20	31	5.59318555	0.18667848	795	51.7	-0.084	-2.178	0.6	-0.066
2251132	2251488	0	1	5	28	6.904761905	0.230453728	108	57.4	-0.226	-2.173	0.516	-0.14
2257141	2258062	1	1	2	29	3.351409978	0.111856851	297	59.3	0.069	1.107	0.626	0.079
2257717	2261235	0	4	44	337	18.81955101	0.628122409	242.25	56.425	0.083	0.722	0.655	0.036
2261239	2261430	0	1	1	5	17.08854167	0.570348143	62	54.3	0.099	0.694	0.616	0.141
2261453	2262336	0	1	1	103	5.773755656	0.192705198	260	57.6	0.051	0.735	0.654	0.017
2262486	2263643	1	1	32	325	8.890328152	0.2967241	267	59.3	-0.049	-0.747	0.62	0.048
2265433	2267560	0	2	26	265	6.406954887	0.213838892	301.5	60.75	-0.036	-0.529	0.619	-0.032
2267619	2268414	1	1	0	57	23.31030151	0.778005954	141	54.4	0.003	0.028	0.632	-0.019
2269212	2270956	1	1	82	55	5.668194842	0.189181995	536	53.4	-0.123	-2.615	0.578	-0.074
2270973	2273051	0	2	49	0	2.710918711	0.090479778	123	51.5	-0.087	-0.873	0.564	-0.094
2274885	2275568	0	1	23	19	4.175438596	0.139359677	214	55.9	-0.025	-0.335	0.611	-0.052
2282643	2283330	1	1	29	161	19.3619186	0.646224501	166	53.6	0.011	0.126	0.571	-0.037
2283023	2300180	0	31	67	160	74.53648444	2.487733961	168.548	56.316	0.273	2.906	0.708	0.089
2300135	2301480	1	2	48	108	11.58172363	0.386552269	197.5	57.8	0.016	0.185	0.627	0.019
2301279	2303062	0	1	18	101	3.484865471	0.116311069	555	57.8	-0.078	-1.719	0.611	-0.062
2303626	2305061	0	1	17	3	2.515320334	0.083951475	472	47	-0.221	-4.424	0.495	-0.173
2305210	2305792	0	1	1	66	7.840480274	0.261684317	172	54.8	-0.099	-1.215	0.571	0.003
2305903	2307440	1	2	58	22	11.54486346	0.385322022	234	58.6	0.052	0.637	0.651	0.048
2310693	2314981	1	2	45	23	2.382606668	0.079522016	702	57.55	-0.033	-0.776	0.613	-0.01
2315333	2315752	0	1	25	119	102.3952381	3.417549313	92	50.7	0.22	1.868	0.704	0.104
2315997	2316536	0	1	49	65	53.25740741	1.777522271	142	54.7	0.041	0.456	0.604	0.058
2318286	2321992	0	2	12	49	9.364985163	0.31256628	606.5	57.9	0.012	0.884	0.648	0.012
2322082	2323308	0	1	9	63	13.70741646	0.457499514	385	57.1	0.022	0.392	0.629	0.005
2323359	2324897	0	1	140	40	16.96361274	0.566178507	453	57.7	0.004	0.09	0.599	-0.035
2324983	2325976	1	1	537	52	106.9788732	3.57053298	135	52.8	0.103	1.082	0.63	-0.045
2325965	2326912	0	2	80	96	22.37763713	0.746877295	120.5	53.85	0.136	0.384	0.65	0.05
2326899	2328966	1	2	114	118	10.56866538	0.352740379	305.5	58.15	0.011	0.301	0.643	0.001
2328759	2332962	0	4	33	120	13.61227402	0.454324035	244.2	59.08	0.032	0.019	0.651	0.007
2333228	2334749	1	1	101	125	7.35413929	0.245452173	432	59.1	0.053	1.031	0.674	0.007
2334652	2335796	0	1	78	2	2.672489083	0.089197148	355	59.9	0.017	0.294	0.643	0.005
2335825	2336419	1	1	21	316	36.92436975	1.232389873	86	57.4	0.221	1.881	0.724	0.068
2337137	2339615	0	3	19	70	7.600645422	0.253679576	258.333	57.433	-0.045	-0.587	0.619	-0.011
2340127	2340927	1	1	26	7	3.791510612	0.126545675	256	57.6	0.062	0.893	0.655	0.049
2340932	2343068	1	1	31	72	8.509592887	0.284016658	678	59.4	0.034	0.823	0.663	0.015
2344547	2344951	0	1	52	44	2.97037037	0.099139251	103	56.3	0.029	0.272	0.639	0.003
2345083	2347311	1	1	10	71	3.391655451	0.113200086	716	50.3	-0.07	-1.703	0.589	0.004
2347542	2349196	1	1	72	170	5.620543807	0.187591591	471	55.3	0.024	0.479	0.599	-0.023
2351030	2353058	0	1	43	72	6.007885658	0.200519535	638	58.3	-0.032	-0.741	0.652	0.007
2353032	2353992	1	1	79	138	8.75962539	0.292361757	248	60.9	-0.033	-0.487	0.625	0.064
2353797	2355922	0	2	74	64	7.921919097	0.264402424	332	59.25	-0.01	-0.135	0.618	-0.007
2358124	2361354	0	4	103	38	8.02909316	0.267979472	258.25	57.575	-0.038	-0.579	0.634	0.011
2361165	2364988	1	3	236	0	5.775104603	0.192750221	452.5	58.1	-0.052	-0.802	0.568	-0.043
2366043	2368747	0	2	26	29	29.37781885	0.980515759	416.5	56.3	0.088	1.59	0.661	0.074
2369561	2370491	1	2	35	87	74.66487648	2.492019181	134	58.2	0.174	1.713	0.682	0.056
2370527	2371169	1	1	15	355	18.0466563	0.602326231	91	55.3	0.184	1.65	0.687	0.107
2372325	2374348	1	2	28	347	15.70256917	0.524089845	267.5	51.75	-0.129	-1.956	0.557	-0.07
2374114	2377034	1	3	20	51	34.69496748	1.157981216	302	48.033	-0.193	-2.793	0.537	-0.088
2377026	2377768	0	1	65	81	82.85598923	2.765406228	199	53.3	0.4	5.183	0.786	0.234
2379583	2380414	0	1	33	19	12.56971154	0.41952741	260	57.8	0.079	1.176	0.669	0.088
2380447	2381558	1	1	10	28	2.258992806	0.075396273	358	58.8	-0.092	-1.617	0.6	0.007
2381547	2383678	0	2	71	67	1101.79878	36.77369899	324.5	56	0.553	8.588	0.828	0.316
2383811	2385925	1	2	59	117	144.4836879	4.822295817	311.5	57.9	0.434	6.758	0.757	0.193
2386163	2388599	0	1	23	41	7.075092327	0.236138685	791	59	-0.045	-1.184	0.607	0.015
2390070	2391011	1	2	51	67	26.78980892	0.894138192	135.5	52.55	0.225	2.326	0.718	0.1
2391091	2392490	1	2	18	150	13.01428571	0.434365543	206	58.35	0.145	1.583	0.677	0.062
2393495	2394616	1	1	14	355	11.38680927	0.380046796	251	56.2	-0.042	-0.614	0.605	0.016
2394621	2395962	1	1	215	35	2.754098361	0.091920944	364	58.2	0.012	0.203	0.618	-0.001
2395924	2398425	0	2	11	0	4.784972022	0.159703499	408	57.2	-0.043	-0.81	0.654	-0.021
2398599	2399897	1	2	26	46	223.9707467	7.47526043	188.5	53.95	0.314	3.914	0.731	0.165
2399797	2404451	0	4	62	165	24.47411386	0.816849422	340.25	55.825	0.081	1.481	0.647	0.029
2404547	2405650	0	1	100	50	5.732789855	0.191337922	318	58.7	-0.008	-0.136	0.598	-0.025
2405814	2410276	1	4	35	143	9.628052879	0.321346443	349.75	58.575	-0.021	-0.253	0.618	0.003
2410419	2411177	0	2	38	58	429.5942029	14.33816065	103	55	0.356	3.298	0.705	0.09
2411466	2412573	1	1	33	124	14.93231047	0.498381647	317	60	0.082	1.353	0.647	0.04
2412526	2413259	0	1	333	62	97.34604905	3.249027291	113	51.9	0.171	1.598	0.72	0.176
2413274	2414224	1	1	82	83	6.10935857	0.2039063	262	58.9	0.022	0.325	0.668	0.03
2413960	2415220	0	1	6	178	13.55432197	0.452389824	359	58.9	0.04	0.709	0.642	-0.024
2415131	2416382	1	1	102	70	9.559904153	0.319071907	360	58.3	0.062	1.087	0.626	-0.005
2416354	2417930	1	1	33	350	23.08560558	0.77050649	398	54.8	0.086	1.57	0.636	-0.006
2417537	2418541	0	1	247	56	8.637810945	0.288296071	234	59	0.136	1.913	0.702	0.104
2418194	2419643	1	1	116	125	6.446896552	0.215171987	403	57.7	-0.015	-0.272	0.62	-0.05
2419340	2420222	0	1	24	235	67.29784824	2.246136825	208	48.7	-0.083	-1.078	0.599	-0.073
2421120	2422128	0	2	26	82	61.20416254	2.042753624	141.5	57.35	0.019	0.43	0.643	0.038
2422164	2422901	0	1	82	29	5.375338753	0.179407613	209	55.2	0.168	2.231	0.66	0.06
2422903	2424690	0	1	244	98	5.460290828	0.182242978	482	59	0.02	0.397	0.615	0.022
2424483	2428739	1	4	39	0	12.260747	0.409215392	361	57.333	-0.004	0.003	0.622	-0.04
2428741	2429785	1	1	42	31	7.576076555	0.252859564	324	57.5	0.111	1.849	0.652	0.019
2429726	2430794	0	2	27	45	7.719363891	0.25764193	163	56.55	-0.02	-0.241	0.576	-0.038
2430830	2432654	1	1	9	145	8.712876712	0.290801471	557	57.3	0.178	3.796	0.701	0.094
2432378	2433562	0	2	108	223	37.85738397	1.263530209	130.5	54.9	0.037	0.14	0.602	-0.017
2433802	2438572	1	3	88	131	14.55271432	0.485712224	501.333	53	0.029	0.29	0.601	0.008
2438452	2441373	0	3	0	0	3.269336071	0.109117547	350	58.2	-0.12	-2.082	0.573	-0.076
2441421	2445167	1	4	26	0	8.345076061	0.278525735	312.667	56.767	0.136	2.258	0.699	0.077
2445310	2447361	1	2	77	2	14.70760234	0.490881775	329	59.1	0.072	1.261	0.642	0.089
2447112	2447793	0	1	21	232	21.55865103	0.719542768	143	54.1	0.042	0.463	0.635	0.056
2448057	2448912	1	1	19	30	6.190420561	0.20661183	269	59.4	-0.031	-0.467	0.627	-0.036
2450092	2451326	1	1	17	66	10.91012146	0.364136837	384	56.9	0.078	1.419	0.634	0.011
2451329	2457162	1	3	55	61	4.45783339	0.148784902	635.333	58.4	-0.049	-0.47	0.644	0.01
2457067	2460388	0	2	57	36	5.667369055	0.189154433	531	47.25	-0.199	-4.049	0.542	-0.123
2465863	2467542	1	1	182	37	7.68452381	0.256479105	487	36.6	-0.45	-8.846	0.452	-0.275
2467567	2469228	1	1	121	95	6.524067389	0.217747646	482	60.2	0.232	4.645	0.742	0.192
2469046	2471164	0	2	24	8	5.42095328	0.180930046	339	56.35	0.154	0.983	0.681	0.121
2471271	2474123	0	4	22	108	50.84893095	1.697136823	225.75	58.2	0.105	1.42	0.667	0.023
2472797	2475971	0	2	31	126	89.77070866	2.996192298	314.333	57.733	0.103	1.595	0.676	0.107
2479032	2481029	1	2	19	91	7.221721722	0.241032597	320	58.8	0.018	0.304	0.616	0.053
2480952	2482882	0	2	77	57	20.8182289	0.694830396	287	58.25	0.164	2.667	0.691	0.053
2482937	2484056	1	1	54	31	5.202678571	0.173644897	345	56.2	0.065	1.128	0.635	-0.018
2484135	2484449	1	1	2	28	2.742857143	0.091545757	95	43.9	-0.087	-0.772	0.569	-0.101
2484428	2485533	0	2	6	11	4.404159132	0.146993467	177	44.8	-0.246	-2.915	0.455	-0.131
2485537	2486679	0	1	29	58	5.118985127	0.17085154	352	56.6	0.155	2.663	0.707	0.127
2486797	2488402	0	1	32	59	5.275217933	0.176065975	505	57.4	0.073	1.495	0.665	0.059
2489277	2490623	0	1	44	37	4.371937639	0.14591804	422	57.8	0.04	0.754	0.683	0.01
2492192	2493019	1	1	23	70	23.26449275	0.776477038	245	58.1	0.065	0.936	0.659	0.049
2492980	2498692	0	5	31	0	9.329074042	0.311367708	378.5	57.65	0.052	0.983	0.651	0.04
2498736	2498934	0	1	41	44	157.9748744	5.272578428	38	50.9	0.031	0.169	0.663	0.125
2498952	2500015	1	1	20	201	7.203007519	0.24040799	281	59.2	-0.026	-0.392	0.605	-0.06
2499675	2500957	0	2	29	123	9.535463757	0.318256183	183	57.65	0.134	1.655	0.644	0.058
2506103	2508850	1	4	18	45	10.17358079	0.339554013	222.5	55.45	0.056	0.614	0.654	0.015
2508763	2512394	0	2	26	86	12.24779736	0.408783184	577	53.85	0.094	1.728	0.678	0.097
2510017	2513952	0	1	79	2423	14.01981707	0.467926215	478	56.6	0.003	0.055	0.618	0.002
2514250	2515319	1	1	26	48	34.3	1.144798758	332	54.4	0.121	1.998	0.634	0.079
2515451	2517716	0	1	22	93	40.50661959	1.351951248	717	58.3	0.165	4.036	0.692	0.072
2517789	2521691	0	4	51	67	19.16679477	0.639712037	304.5	54.225	0.216	3.425	0.67	0.046
2521850	2523940	0	2	21	70	35.3448111	1.179670433	308	54	0.256	4.156	0.685	0.115
2524069	2526878	1	2	25	74	26.73274021	0.892233464	274	56.133	0.096	1.403	0.674	0.105
2526835	2532028	0	4	70	141	21.28167116	0.710298272	409	55.275	-0.07	-1.416	0.58	-0.062
2532047	2533395	0	1	21	53	15.9562639	0.532557175	425	57.2	0.121	2.322	0.687	0.095
2533456	2535200	1	2	80	75	10.14727794	0.338676128	264	59.2	-0.08	-1.21	0.604	-0.043
2535209	2538366	1	2	31	8	6.320139329	0.210941331	509	57.25	-0.003	-0.444	0.625	-0.005
2539736	2541222	0	1	41	171	12.3073302	0.410770155	425	44.2	-0.153	-2.849	0.53	-0.114
2541270	2542777	0	1	40	34	4.75265252	0.158624802	478	47.2	-0.219	-4.326	0.555	-0.113
2542826	2545446	0	2	75	0	18.48950782	0.617106869	418	56.3	0.311	5.864	0.73	0.2
2545468	2546705	0	2	119	0	27.2907916	0.910859019	84	55.2	0.257	2.157	0.742	0.055
2546827	2547600	1	1	23	43	8.741602067	0.29176021	236	58.1	0.036	0.517	0.638	0.055
2547556	2548451	0	1	8	21	3.049107143	0.101767174	289	59.2	0.077	1.204	0.637	0.035
2548553	2550562	1	1	69	36	408.1174129	13.62135008	635	56.4	0.404	9.229	0.786	0.237
2550683	2551748	1	1	21	274	14.06754221	0.469519092	257	56.3	0.11	1.605	0.694	0.118
2551597	2552565	1	1	100	101	10.17956656	0.339753795	256	56.8	0.059	0.858	0.666	0.075
2552586	2554886	1	2	25	63	10.33637549	0.344987459	366.5	58.95	0.128	1.867	0.679	0.07
2554961	2558207	1	3	42	91	14.54419464	0.485427871	330.667	55.933	-0.023	-0.079	0.638	0.019
2558210	2558735	1	1	46	144	27.1539924	0.906293201	112	58	0.05	0.488	0.64	0.001
2558280	2559896	0	2	22	308	21.21459493	0.708059532	212	56.55	0.056	0.344	0.661	0.114
2560356	2561116	1	1	19	175	15.59001314	0.520333169	189	46.2	-0.505	-6.456	0.384	-0.25
2560845	2565194	0	4	30	101	39.50206897	1.318423309	351.25	45.95	-0.246	-4.347	0.48	-0.178
2565271	2568334	0	3	29	26	21.18439948	0.707051727	318.667	48.133	-0.203	-3.537	0.485	-0.136
2568591	2569566	1	2	22	55	13.3545082	0.445720828	138	55.9	0.096	0.785	0.642	0.043
2570956	2573066	1	1	56	117	12.44386547	0.415327164	646	54.5	0.132	3.064	0.689	0.074
2574819	2578409	0	4	38	0	9.338902813	0.311695754	288.667	57.367	0.134	2.021	0.7	0.098
2578471	2581735	0	3	19	0	12.73292496	0.42497483	327	57.2	0.008	0.069	0.647	0.012
2581900	2583098	1	1	39	95	60.30275229	2.012668104	355	56.8	0.144	2.491	0.667	0.117
2583000	2585497	0	2	37	0	17.30464371	0.577560777	322	56.3	0.277	4.489	0.728	0.154
2585648	2586093	0	1	21	20	4.67264574	0.155954491	135	60	0.115	1.226	0.683	-0.046
2586581	2587819	0	2	22	218	54.07506053	1.804812308	160	56.8	0.094	1.013	0.685	-0.035
2588000	2590282	1	3	28	111	12.59001314	0.420204997	229.333	55.4	0.111	0.96	0.668	0.072
2590211	2592198	0	2	75	45	14.35211268	0.479016932	310.5	58.65	0.052	1.015	0.665	0.064
2592269	2594283	1	2	16	125	11.45210918	0.38222625	300.5	57.55	0.051	0.814	0.654	0.016
2596667	2599174	0	3	26	52	9.451355662	0.315448986	259.667	56.867	0.026	0.464	0.645	0.007
2601979	2604076	0	2	50	0	6.573879886	0.21941019	443	49.2	-0.169	-3.263	0.561	-0.118
2605009	2609177	1	2	0	299	33.93667546	1.132672418	390	56.867	0.164	3.064	0.698	0.09
2606749	2609717	1	3	33	0	32.63152577	1.089111667	347.5	57.1	0.135	2.414	0.672	0.061
2610695	2611139	0	1	102	58	24.44269663	0.815800838	95	53	0.181	1.563	0.729	0.232
2611288	2612984	1	2	95	78	74.99646435	2.503086276	237	55.85	0.434	5.926	0.799	0.291
2612868	2613919	0	1	30	122	7.293726236	0.243435823	300	58.8	0.033	0.522	0.649	-0.035
2613976	2614616	1	1	22	238	7.731669267	0.258052635	127	58	-0.164	-1.699	0.553	-0.16
2614270	2615777	0	1	117	125	13.42970822	0.448230708	422	49.8	-0.096	-1.808	0.573	-0.088
2619075	2620994	0	3	34	18	33.8765625	1.130666084	202.333	56.967	0.155	2.093	0.682	0.053
2621054	2621670	0	1	23	48	4.951377634	0.165257463	182	56.8	0.099	1.236	0.674	-0.036
2621687	2622327	0	1	29	150	5.673946958	0.189373978	154	58	-0.07	-0.774	0.605	0.067
2623378	2624469	0	2	20	0	5.791208791	0.193287715	236	59.9	0.105	1.453	0.71	0.099
2624946	2626217	1	1	36	57	6.15172956	0.205320477	393	56.1	0.121	2.215	0.665	0.054
2626219	2628093	1	1	18	62	16.3664	0.546245901	183.333	56.8	-0.029	-0.219	0.626	-0.012
2632134	2636398	0	6	44	0	9.845486518	0.32860352	233.4	57.62	-0.109	-1.284	0.606	-0.04
2637686	2638414	0	1	226	44	105.2578875	3.513093263	153	55.3	0.281	3.105	0.757	0.195
2638465	2639037	1	1	11	1	2.02443281	0.067567585	187	56	0.132	1.626	0.647	-0.087
2639087	2640310	0	1	328	59	60.31699346	2.013143418	279	55.3	0.369	5.473	0.725	0.212
2644187	2645425	0	2	33	130	22.08474576	0.737101735	172.5	57.1	0.25	2.977	0.718	0.138
2645497	2647629	1	2	25	13	13.17721519	0.439803487	347	57.45	-0.041	-0.587	0.611	-0.025
2647628	2650051	0	3	19	0	8.180693069	0.273039279	322	55.6	0.003	0.108	0.62	0.008
2650082	2652068	1	1	20	89	8.11172622	0.270737437	626	57.6	-0.014	-0.318	0.622	0.048
2651656	2652419	0	1	42	404	42.28272251	1.411230561	106	44	-0.057	-0.51	0.587	-0.115
2652431	2654126	0	2	24	85	4.828419811	0.161153615	264.5	54.55	-0.186	-2.775	0.553	-0.153
2660576	2662152	0	1	42	20	5.347495244	0.178478307	505	57.8	0.08	1.69	0.621	-0.004
2666975	2668248	1	2	43	37	5.126373626	0.171098139	198.5	56.8	0.015	0.047	0.641	0.047
2668265	2669766	1	2	34	61	17.11917443	0.571370543	233	56	0.142	1.811	0.702	0.148
2669711	2670270	0	1	42	2	3.657142857	0.122061009	172	53.5	-0.191	-2.25	0.586	-0.025
2670288	2670803	1	1	67	11	3.418604651	0.114099544	146	46.8	-0.135	-1.494	0.534	-0.16
2670843	2672951	0	2	19	23	5.630630631	0.187928249	341.5	57.5	0.021	0.333	0.644	0.001
2674070	2675478	1	2	23	205	10.84244145	0.361877945	197.5	53.5	-0.082	-1.101	0.587	-0.015
2676016	2680326	1	3	9	405	21.36488054	0.713075473	303.5	58.325	0.024	0.238	0.634	0.054
2678811	2680459	1	2	49	46	23.73074591	0.79203873	257	55.2	0.034	0.716	0.645	0.044
2680385	2681870	0	2	31	25	4.019515478	0.134155578	238.5	56.25	0.041	0.388	0.663	-0.017
2682852	2683847	0	1	34	47	4.551204819	0.151901272	305	57.8	-0.036	-0.572	0.568	-0.089
2684023	2685045	1	1	21	54	6.102639296	0.203682038	316	52.2	-0.104	-1.705	0.528	-0.137
2685047	2687350	1	2	4	35	6.123263889	0.204370405	369	46.15	-0.187	-2.859	0.527	-0.062
2687126	2688118	0	1	84	252	23.82074522	0.795042553	219	47.6	-0.258	-3.487	0.52	-0.213
2688227	2690161	0	1	42	78	13.59689922	0.453810885	605	52.2	-0.018	-0.404	0.626	-0.031
2691079	2691501	1	1	25	77	22.4822695	0.750369511	107	55.5	-0.099	-0.958	0.585	-0.111
2691605	2692583	1	1	21	427	23.26046987	0.776342771	177	55.6	-0.073	-0.912	0.565	-0.055
2692127	2693852	0	2	95	26	5.92410197	0.197723166	260.5	56.6	0.022	0.328	0.628	-0.032
2693730	2694978	1	1	98	50	21.82546037	0.728447812	367	54.5	0.076	1.329	0.652	-0.001
2694806	2695876	0	1	6	243	8.724556489	0.291191296	274	53.4	-0.165	-2.52	0.509	-0.162
