4534	6411	1	1	62	334
6089	7745	0	1	39	22
7776	8877	0	3	18	3
8938	10272	1	1	26	106
10160	11523	0	1	49	92
11577	12034	0	1	70	64
12286	13053	1	1	35	25
12851	13567	0	1	156	216
13577	14280	0	1	32	0
15017	15635	1	1	3	31
16126	18419	0	1	27	80
18269	21093	1	2	346	1
21103	24135	0	3	14	31
24181	25374	0	1	3	0
25416	27174	1	1	0	52
27080	28075	0	1	16	2
28168	29350	1	1	16	0
30788	32788	1	2	51	50
32811	33595	0	2	89	38
35341	36126	1	1	0	0
36113	36356	0	1	30	10
36442	36955	1	1	37	0
37103	39048	1	2	27	41
39329	40745	1	1	112	0
40792	41552	0	1	56	63
41470	43477	1	1	25	0
45022	48916	1	2	142	35
48871	50013	0	2	29	56
49962	52743	1	1	108	127
52255	55058	0	2	28	351
55204	56398	0	1	46	0
56423	57927	0	2	21	0
57941	63291	0	7	49	0
64924	65601	0	1	60	63
65623	67986	0	2	0	35
67991	68981	0	1	1	0
68924	69375	1	1	155	0
69903	71142	0	1	3	37
71297	73227	0	2	31	10
73744	76617	1	3	31	0
76507	78946	0	1	75	107
78409	79410	0	1	214	578
79233	81918	1	3	32	0
82179	82865	0	1	0	0
82871	86493	0	2	18	0
86547	87272	1	1	0	3
88715	89885	1	1	20	167
89543	90953	0	2	23	172
90855	91713	1	1	174	37
92395	93440	0	1	101	195
93657	94310	0	1	25	107
98207	100273	0	1	187	95
100158	100531	1	1	44	0
100419	101145	0	1	63	109
101141	103351	1	2	118	114
103268	104461	0	2	53	0
104653	108405	0	3	22	0
108536	109977	1	3	20	30
109989	111631	1	1	23	24
113174	113815	1	2	22	117
114274	115286	1	1	25	13
115372	116895	1	1	19	173
116924	118710	1	1	19	283
118730	119323	0	1	31	5
119502	120013	0	1	20	6
124068	126182	0	3	24	2
126282	127112	1	1	108	54
127114	128878	1	2	37	1
128571	129548	0	1	139	251
129670	132540	0	1	45	0
133813	136072	1	2	102	20
135996	136720	0	1	69	20
138090	142165	1	2	25	59
142107	146189	0	4	206	126
146240	146761	1	1	28	41
146717	147087	0	1	47	0
147126	147999	1	1	34	144
148046	148598	0	1	107	113
148621	150239	1	1	25	49
150187	151951	0	2	33	0
152497	154953	1	1	30	36
154740	156309	0	2	2	174
156294	157210	1	2	46	26
157136	159586	0	2	26	74
159902	161654	0	2	22	94
166602	166949	0	1	24	93
167015	168144	1	1	50	396
168146	170428	1	1	30	81
170476	172298	1	3	22	93
173091	174215	1	2	20	17
174257	174890	1	1	54	178
174709	176513	0	2	42	0
176646	177121	1	1	96	26
177477	179942	0	2	150	73
181060	182555	1	2	18	0
184389	185480	0	1	19	29
185666	187426	1	1	16	8
187469	189258	0	1	0	62
189266	190397	0	1	0	7
190443	191706	1	1	29	86
191522	192536	0	2	65	188
192615	195519	0	1	3	40
195581	196286	1	1	49	228
196019	198957	0	2	24	75
198976	204110	0	5	21	17
204455	206072	0	2	26	28
206146	207214	1	1	52	0
208797	209003	1	1	16	20
209025	211841	1	1	31	14
211811	212451	0	1	1	13
212474	214384	1	2	22	0
214448	215631	1	1	23	72
215564	216189	0	1	1	79
216433	217480	1	1	76	48
217201	217833	0	1	20	223
217942	218977	0	1	13	6
219921	220207	0	1	16	103
220278	221453	0	2	56	38
221454	223398	1	2	44	0
223215	224006	0	2	45	180
224017	226885	1	5	43	664
226210	227342	0	1	33	53
227892	229317	0	1	32	47
229484	230125	0	1	71	145
230148	231150	0	1	0	10
231094	231739	1	1	68	62
231983	232810	1	1	35	253
232565	235367	0	4	25	0
235416	236978	1	1	71	124
237038	238278	0	1	3	128
238325	242250	0	2	21	54
242391	244640	1	2	30	0
244642	245832	1	1	0	0
245840	247106	1	2	11	0
247772	248648	0	2	19	137
248767	251464	1	1	92	35
251503	252804	0	1	21	0
252873	254114	1	1	0	15
254061	254979	0	1	134	35
254876	255352	1	1	18	18
255437	255860	1	1	37	54
255910	258458	0	1	23	51
258566	259201	0	1	23	13
259188	262440	1	3	38	68
262258	263250	0	2	55	127
263384	264610	1	1	373	125
264465	265943	0	2	86	17
265955	270291	1	6	20	302
269838	271482	0	1	9	163
271493	273532	0	1	0	0
273642	275758	1	2	15	0
275749	279505	0	3	83	19
280663	282592	1	4	38	0
282604	284010	0	1	48	0
284097	288139	1	2	51	0
288292	289768	1	2	20	8
289571	290113	0	1	18	186
290196	294784	1	3	198	19
294788	296809	1	1	84	96
296949	299538	0	3	103	31
299598	300491	1	1	30	501
299962	301482	0	1	35	46
302816	303529	1	1	17	49
303531	304388	1	1	284	343
304554	309179	0	3	136	156
309413	311752	0	3	44	60
311743	312338	1	1	19	64
312372	314765	0	3	142	31
314866	316980	1	3	31	0
316991	318015	1	1	19	7
318019	318605	0	1	120	128
318626	320804	0	2	0	53
319708	323628	0	4	213	338
323717	326017	0	1	119	64
326085	327373	1	1	28	16
327391	333462	1	8	3	54
333485	336207	1	4	32	2
336281	336616	1	1	82	26
336625	337128	1	1	29	73
337319	339327	0	2	21	89
339300	340526	1	1	52	74
340583	341785	0	1	17	115
341831	342844	0	1	401	52
342793	344840	1	2	0	8
344583	345431	0	1	0	240
345453	346432	1	1	17	0
346811	349217	0	3	71	21
349862	351298	0	1	20	13
352006	353229	1	1	20	22
353103	354339	0	1	40	0
354481	357426	1	5	51	121
357492	359803	1	1	57	71
359760	360712	0	1	22	7
362088	366022	1	3	59	7
366034	366920	1	1	19	67
366683	368626	0	2	52	55
368902	372407	0	3	201	27
372522	375087	1	3	10	259
374664	376470	0	1	22	368
376527	378694	0	2	0	0
378931	380948	1	2	50	47
380830	382021	0	1	30	40
381593	382359	1	1	488	27
382249	385275	0	2	150	54
385344	386562	0	1	34	6
387265	388243	0	1	23	89
388468	389714	1	1	26	96
389919	392924	1	2	34	1
392929	393524	1	1	61	76
393625	395828	0	1	97	168
396679	398737	0	3	228	193
398835	399869	1	1	35	1
399909	400447	1	1	44	93
399933	400694	0	1	23	496
400768	401421	1	1	0	0
401288	402170	0	2	148	176
402178	403768	0	3	0	13
404015	405188	1	1	1	0
404889	406164	0	1	19	279
406350	408868	1	3	39	24
408863	409933	0	1	30	78
409949	411978	0	2	32	2
412118	413350	1	1	29	61
413306	413652	0	1	38	90
413831	415001	1	1	42	46
414996	415460	0	1	19	68
415516	416972	0	2	21	19
416783	419267	0	2	47	199
419346	423309	1	3	36	64
423596	425312	1	1	36	472
424844	426899	1	2	213	69
427463	428496	1	2	0	1
428494	430706	0	1	233	117
430492	431266	1	1	31	75
431356	433012	1	1	102	61
432973	435071	0	2	31	103
435379	438651	0	4	23	4
437320	440316	0	2	21	214
441834	443326	1	1	188	90
443995	445155	1	1	6	0
445170	445404	1	1	39	58
445506	446245	1	1	56	66
446103	448189	0	2	23	112
448820	449315	0	1	2	56
449370	451804	0	4	56	0
451813	454224	1	1	25	137
453959	456731	0	3	67	45
457194	458770	1	2	17	58
458785	460264	1	1	10	62
460227	463801	0	2	52	69
463876	466920	1	2	25	92
466721	469366	0	2	147	283
469432	470875	0	1	1	0
470935	473580	1	2	40	26
473353	474207	0	1	35	157
474280	475990	1	1	36	346
475660	477065	0	1	21	5
477172	479605	1	1	223	165
479657	480318	1	1	43	481
479877	480824	0	1	0	0
480952	482457	1	1	15	6
482445	483538	0	2	21	186
483622	484524	0	2	20	12
484577	487098	1	1	8	0
487221	488421	0	1	51	154
488464	489505	0	2	22	6
490017	492908	0	3	41	57
492988	495982	1	4	0	49
495929	497597	0	2	18	1
496472	504419	0	6	86	130
504368	505571	1	1	25	15
505575	507440	1	3	45	18
507914	508505	1	1	27	193
508229	508762	0	1	59	85
508783	510360	0	2	28	12
510411	511303	1	1	1	10
511367	512260	0	1	26	31
512527	513578	0	1	0	62
513581	515288	1	2	31	0
515293	516326	1	1	20	150
516390	519441	0	4	108	24
519643	523582	1	2	149	74
524352	526210	1	2	15	1148
525271	526390	1	1	89	137
526223	526833	0	1	20	27
526862	527841	1	2	0	6
527857	530063	1	1	19	40
530531	531790	0	1	7	92
531868	533096	1	2	16	59
533513	533996	1	1	57	55
534049	535283	1	1	18	98
535091	536910	0	1	376	91
536594	537749	1	1	0	64
538321	539243	0	1	24	185
539341	540400	1	1	73	103
540118	541979	0	2	0	231
541898	543669	1	2	156	73
543589	545701	0	1	47	65
545756	546526	1	1	18	39
546531	548062	1	2	57	45
547855	551672	0	3	19	164
551825	555238	0	3	104	53
555276	555536	0	1	3	21
555549	556442	1	1	63	0
555944	556977	0	1	0	470
557200	560010	1	2	0	394
558363	560960	1	2	45	195
560616	563006	0	2	25	104
564097	565308	1	1	26	91
565318	566096	0	1	17	36
566121	567475	0	1	87	47
573835	576651	1	1	19	68
576599	578095	0	1	255	66
577911	578589	1	1	0	16
578594	579489	1	2	26	191
579312	581191	0	2	17	0
581198	583434	0	2	36	7
583439	584428	1	1	57	0
584412	585293	0	1	29	13
585681	587529	1	1	20	56
587649	588433	0	1	29	153
588519	590060	0	1	0	9
590067	590390	0	1	0	63
590846	592822	0	2	71	0
592890	593710	1	1	0	77
594680	595367	0	1	0	7
595366	596808	1	1	15	510
595736	597971	1	2	20	99
597977	602241	1	2	0	36
602192	603413	0	1	44	17
603459	605695	0	2	20	45
605750	607329	1	2	86	30
607233	607700	0	1	12	78
607765	613925	1	5	55	13
613950	615456	1	1	22	105
615361	618334	1	2	0	149
618337	620289	1	1	25	68
621248	622240	1	1	29	103
622078	622355	0	1	15	56
622388	623707	1	1	44	133
623794	630493	0	8	30	82
630557	634086	1	2	120	95
634074	636694	0	2	24	15
636732	642838	1	6	30	144
642701	644121	0	1	155	66
644669	647280	1	1	72	119
647124	650037	0	3	28	0
650181	652709	1	2	51	50
652976	653798	0	1	28	71
653854	655359	0	1	84	0
655282	657874	1	2	0	0
657889	659027	1	1	54	170
662165	662999	0	1	21	67
663051	663761	1	1	90	0
666798	668989	1	2	89	58
669208	670549	1	1	139	249
670296	670846	0	1	28	1
671621	672657	0	1	195	461
672713	673409	1	1	54	7
673675	674214	1	1	110	106
674255	675175	1	1	79	26
675093	675921	0	1	59	71
675923	677967	1	2	23	0
677977	680600	1	1	48	52
678833	684089	1	4	48	29
683966	685273	0	2	118	85
685277	685634	1	1	13	0
687094	690809	0	4	61	39
691033	691787	1	1	52	61
691766	692744	0	1	0	58
692562	694045	1	2	237	0
694052	696774	1	3	20	204
696523	698669	0	2	28	54
698678	700918	1	2	30	78
700665	701538	0	1	0	178
701582	704962	1	1	22	65
705006	707697	0	1	24	67
711412	712569	1	1	34	23
717073	718025	0	1	62	249
723144	724539	1	2	92	128
724560	725165	1	1	66	0
727463	732377	1	6	19	1
732615	733365	1	1	95	95
733427	735572	1	3	109	20
735625	738155	1	2	26	0
738158	740778	1	2	1	0
740782	741288	1	1	0	0
741369	746590	1	4	27	0
747510	747722	1	1	0	0
750213	751039	1	1	193	169
751095	752381	1	2	182	0
752393	754579	1	2	181	26
754756	756757	0	2	196	23
756874	757351	0	1	33	115
757356	757924	0	1	329	0
757839	758327	1	1	0	0
759351	759847	1	1	62	0
760212	763756	1	3	310	113
763606	764877	0	1	23	34
764961	766197	0	2	0	23
766202	767268	1	1	14	165
767158	769585	0	3	47	84
769569	770038	1	1	5	0
770130	772797	1	1	1	204
772571	776546	0	2	26	14
776693	779264	0	2	19	67
779370	779977	1	1	161	129
782985	783994	1	1	22	109
783885	784777	0	1	29	69
784844	785167	0	1	0	0
785211	785941	0	1	231	71
785964	789313	0	3	52	9
789393	790324	0	1	91	67
791060	791726	1	1	115	6
792003	792514	1	1	7	244
792319	795058	0	3	10	0
795123	795885	1	1	0	73
795889	796514	1	1	28	10
796433	797401	0	1	112	74
797154	799826	1	3	134	0
799840	800900	1	1	0	221
800768	803075	0	1	95	83
803060	804895	1	1	13	80
805166	806769	1	1	20	0
806812	809892	1	2	81	534
809112	810134	1	2	22	38
810101	812814	0	2	91	80
812931	817126	1	5	24	37
817145	819895	1	2	23	0
819956	820706	0	1	52	0
820672	821634	1	1	21	6
821754	823267	0	2	26	3
823343	825330	1	2	163	0
825198	826071	0	1	66	205
827084	828281	1	1	28	99
828495	829535	1	1	87	300
829643	830948	1	1	18	160
836867	838975	0	2	40	198
839012	839848	0	1	39	87
840173	842285	0	2	53	90
842328	845368	0	1	21	8
845745	846765	0	2	86	77
847205	848486	1	1	28	228
848826	852637	1	2	44	8
853524	864240	1	6	105	294
863508	865489	0	1	20	672
865511	867362	1	2	85	154
867374	869133	1	3	21	12
869160	871868	1	3	9	16
871796	872330	0	2	0	90
873108	874239	0	1	43	0
874373	877956	0	2	69	17
877976	880760	1	1	0	85
880845	886076	1	1	22	2591
883539	886916	1	2	296	24
886676	887511	0	1	39	239
887407	888507	1	1	145	80
888338	896561	0	8	108	102
896574	901397	1	1	174	39
901702	902206	1	1	34	171
902069	903119	0	1	0	40
903156	904331	1	1	45	48
904845	905450	0	1	33	0
909369	909675	0	1	32	71
909780	910680	1	1	0	4
910731	911694	0	1	0	4
911699	914425	0	1	84	57
914523	915216	1	1	90	58
915498	916946	1	2	90	199
916928	917181	1	1	26	15
917241	917987	1	1	39	0
918090	921283	1	4	45	0
921780	923099	0	3	123	0
923409	923829	0	1	36	118
924055	926576	1	2	24	53
926649	927038	0	1	64	71
926927	927412	0	1	18	165
928121	932619	0	3	40	172
932591	934815	1	2	143	69
934773	940455	1	5	91	63
940391	940971	0	1	46	19
940978	942056	1	1	17	0
942068	943395	0	2	7	0
943429	944149	0	1	22	6
944182	944540	1	1	38	0
944547	945402	1	1	71	158
945125	945655	0	1	16	164
945879	947795	0	1	22	185
947898	949903	0	1	54	59
950193	952740	1	2	44	0
954066	955628	1	1	75	0
955647	956734	0	1	20	0
957546	959761	0	2	24	0
959818	960692	1	1	19	7
960816	961627	0	1	7	13
961648	963809	0	3	19	96
963891	965904	1	2	35	185
965644	966358	0	1	3	82
966374	967577	0	1	16	156
967479	968848	1	1	116	0
968920	969954	1	1	17	4
969968	971717	0	2	78	0
971780	973421	1	2	76	71
973320	973966	0	1	20	39
974053	975417	1	2	46	59
975233	976218	0	1	23	135
977848	979261	0	1	0	55
979348	979801	1	1	21	40
979758	981175	0	2	38	0
984955	986189	0	1	179	54
986280	987699	1	1	135	73
991530	996312	1	5	23	81
996129	997865	0	3	43	151
997897	998454	0	1	0	15
998456	999773	0	1	44	8
999741	1001799	1	1	61	0
1001613	1003785	0	2	39	153
1003809	1005240	1	2	0	0
1005181	1005464	0	1	32	75
1005588	1007684	1	1	33	165
1007414	1007942	0	1	62	167
1011817	1013736	0	1	0	69
1013868	1016126	1	2	20	139
1016281	1016980	1	1	34	36
1017022	1018274	1	1	22	151
1018664	1021203	0	2	17	240
1021351	1022730	0	2	30	0
1023969	1024756	0	1	14	0
1025071	1031480	0	4	45	318
1031697	1032471	0	1	13	0
1032552	1033212	1	1	25	0
1033272	1034835	1	1	28	36
1036964	1038102	0	2	16	85
1038106	1039108	0	1	10	0
1039128	1039643	1	1	40	5
1039803	1041746	0	1	21	168
1042308	1043340	0	1	0	76
1043839	1046163	1	2	105	154
1045940	1046366	0	1	10	75
1046481	1049817	1	3	25	2
1049751	1050679	0	1	119	15
1050731	1053851	1	3	23	0
1053871	1054364	0	1	11	6
1054690	1055301	1	1	32	22
1055615	1056359	1	1	30	379
1055969	1057484	0	2	22	0
1057543	1059150	0	1	36	0
1059209	1059695	1	1	52	6
1060891	1063668	1	4	0	105
1064646	1068489	1	3	0	1001
1066686	1069884	1	3	20	51
1072232	1073241	1	1	46	28
1073253	1078492	1	4	0	8
1079424	1080829	1	1	54	56
1080988	1082954	0	2	103	11
1082984	1083745	0	1	32	163
1083722	1084345	0	1	23	49
1085118	1085562	0	1	0	139
1086581	1087028	0	1	31	0
1087284	1087645	1	1	43	7
1087702	1091211	1	2	78	60
1091762	1093872	1	2	19	40
1094745	1097516	1	1	6	0
1097757	1099206	1	1	42	31
1099669	1102044	1	1	51	0
1102054	1104620	1	2	50	50
1104710	1107424	1	1	0	63
1107462	1108337	0	1	63	15
1108372	1109535	1	1	0	0
1110004	1111854	0	2	74	0
1111873	1112569	0	1	34	45
1112826	1113305	1	1	27	27
1113283	1114934	0	1	210	71
1116224	1117058	0	1	96	37
1117103	1118831	0	1	280	0
1118636	1120443	1	2	25	185
1121129	1123559	0	2	25	23
1123572	1124167	0	1	19	106
1124182	1125157	0	1	68	107
1125340	1126740	1	2	33	0
1126884	1127673	1	1	17	146
1127858	1132894	0	5	174	6
1132773	1134232	1	1	195	56
1134364	1135363	1	1	17	320
1137758	1138034	0	1	19	102
1138388	1140640	0	1	17	76
1140770	1144919	1	3	31	587
1144385	1145235	0	1	12	5
1145351	1146920	1	1	22	78
1148501	1149402	1	1	39	14
1149405	1151309	1	1	40	50
1151331	1151729	1	1	67	110
1155610	1155962	0	1	0	44
1157386	1157996	0	1	65	27
1158004	1160689	1	1	23	65
1160698	1161572	0	1	64	64
1162352	1164446	0	1	211	213
1166033	1166832	0	1	20	93
1166923	1170635	1	3	26	180
1171557	1172278	0	1	0	14
1172694	1174011	1	1	1	99
1173872	1174990	0	1	100	41
1174992	1175804	0	1	70	86
1175883	1177557	0	1	91	0
1177606	1178897	0	1	220	64
1179142	1182443	0	2	0	153
1182479	1183204	1	1	0	9
1183257	1189449	1	2	240	183
1189283	1192560	0	1	112	22
1192792	1193292	0	1	0	0
1196840	1198977	1	1	577	136
1198844	1199239	0	1	0	0
1199410	1200810	1	1	27	48
1200525	1204356	0	4	37	248
1209187	1209992	0	4	26	37
1209962	1211558	0	2	29	69
1211577	1213403	1	3	126	90
1213452	1215201	1	2	28	60
1215259	1217532	1	3	114	0
1217619	1218202	1	1	31	160
1218029	1220225	0	2	45	17
1220313	1220929	1	1	36	29
1220795	1222460	0	2	62	195
1222619	1223615	1	1	79	120
1223689	1224259	1	1	32	38
1224265	1224646	1	1	33	112
1224758	1227276	0	2	32	83
1227303	1228007	0	1	0	0
1228023	1230508	0	2	0	25
1230512	1232985	0	1	5	0
1233936	1234211	1	1	0	0
1234287	1236170	0	6	80	51
1237017	1238553	1	2	0	0
1238330	1240535	0	2	68	220
1240539	1241517	0	1	106	18
1241562	1242387	1	2	87	54
1242347	1242885	0	1	53	108
1242824	1243812	1	1	101	3
1243699	1246112	0	2	20	131
1244929	1246954	0	1	27	63
1246995	1248581	1	1	109	212
1248567	1249346	0	1	19	26
1250954	1251858	0	1	12	23
1251874	1253515	0	2	26	56
1254722	1255252	1	1	17	10
1255751	1264857	0	6	56	6
1265064	1267137	1	2	24	80
1267422	1268117	0	1	0	0
1268332	1269671	1	1	33	8
1269996	1270345	1	1	5	0
1270783	1273166	1	3	20	43
1273558	1274439	0	2	179	63
1274421	1275487	1	1	17	0
1275511	1276834	1	1	45	1
1276672	1277247	0	1	26	268
1277368	1278306	1	1	92	451
1279056	1281945	1	3	23	0
1281955	1284407	1	2	38	336
1284168	1287890	0	3	55	55
1287918	1289604	1	1	21	22
1289540	1290292	0	1	34	5
1290296	1293249	0	3	18	64
1293524	1294966	1	1	18	27
1295129	1295801	1	1	0	376
1295438	1296219	0	1	44	0
1298515	1301163	0	2	0	115
1301108	1303946	0	3	110	66
1305460	1306242	0	2	10	0
1308948	1310927	1	1	82	65
1311017	1311561	1	1	11	27
1311801	1313283	1	1	40	102
1313219	1313496	0	1	36	71
1313543	1313996	1	1	18	67
1313925	1316051	0	1	28	14
1316073	1318631	0	1	33	93
1318697	1320482	1	1	37	180
1320370	1321798	0	1	40	0
1322804	1324371	1	1	106	52
1325053	1326922	1	1	54	85
1326892	1327874	0	1	20	0
1327997	1330141	1	2	96	0
1330223	1330936	1	1	27	210
1330715	1334160	0	4	78	37
1334099	1337029	1	3	82	24
1337058	1338133	1	1	18	86
1338162	1338598	0	1	20	60
1338653	1340540	0	1	82	3
1340607	1342517	1	1	27	84
1342486	1344431	0	1	26	48
1344451	1345999	0	1	16	132
1347160	1347917	1	1	13	7
1348808	1349394	1	1	26	21
1349297	1350366	0	1	70	43
1350414	1351449	0	1	16	0
1351551	1351887	1	1	62	47
1351930	1352797	1	1	19	0
1352653	1355588	0	1	0	176
1355765	1361316	1	2	22	215
1360735	1361592	1	2	73	33
1361774	1366180	1	6	105	0
1366989	1368439	1	1	272	96
1372773	1374658	0	3	19	90
1374738	1375872	1	1	18	31
1375884	1377034	1	1	27	32
1377140	1379998	1	4	77	73
1381015	1381359	0	1	28	17
1381366	1383097	0	3	1	1
1383140	1386095	1	2	52	15
1386557	1388148	1	1	30	65
1388086	1396786	0	3	16	23
1397087	1398214	0	1	336	0
1398270	1399524	0	1	25	24
1399637	1403251	1	5	105	148
1403362	1404105	0	1	45	0
1404275	1405253	0	1	50	17
1406616	1407034	1	1	41	42
1407202	1407843	1	1	0	6
1407857	1408229	1	1	106	27
1408177	1409368	0	1	0	28
1409535	1413261	1	1	25	129
1413214	1414135	0	1	153	73
1414275	1417366	0	3	64	8
1417472	1420004	1	1	68	125
1421410	1424627	1	2	65	24
1424662	1426647	1	1	23	37
1426866	1429711	1	1	176	0
1429718	1430353	0	1	43	80
1430389	1431319	1	1	49	36
1431081	1432779	0	2	19	204
1432834	1434372	1	2	19	0
1434487	1436088	0	2	22	51
1436135	1437889	1	1	19	197
1442481	1443418	1	1	23	0
1443526	1445725	1	2	20	0
1445620	1446025	0	1	25	123
1446148	1447570	1	1	43	51
1447563	1450076	0	1	7	284
1450082	1451241	0	1	0	5
1451255	1452478	0	1	102	0
1452599	1453210	0	1	106	128
1453271	1454626	1	1	46	50
1454558	1456115	0	2	31	35
1456183	1456829	1	1	77	42
1456721	1457969	0	1	60	82
1457973	1459696	1	1	84	8
1459914	1460602	1	1	0	47
1460822	1461926	1	1	25	57
1461747	1463592	0	1	21	202
1463651	1464861	0	2	44	0
1464879	1465717	1	1	62	21
1465539	1466463	0	1	29	170
1466468	1468155	0	1	60	62
1468096	1472018	1	2	248	35
1471869	1472216	0	1	30	111
1472521	1476799	1	2	64	806
1474977	1479181	1	5	262	111
1479304	1482801	1	3	157	207
1482669	1484283	0	2	32	188
1484524	1485033	1	1	25	47
1484899	1486739	0	1	29	126
1486943	1488162	1	1	40	121
1488179	1488940	0	1	86	76
1488975	1490723	0	1	0	0
1490759	1491226	0	1	21	0
1491245	1491564	1	1	41	0
1491575	1494080	0	1	50	221
1494133	1495110	0	1	17	40
1497152	1498624	1	2	65	0
1498702	1500367	0	2	25	0
1500408	1501415	1	1	81	108
1501317	1502365	1	1	26	60
1502252	1503434	0	1	42	73
1503441	1504257	1	1	16	0
1504276	1504904	1	1	24	143
1504758	1506297	0	1	103	0
1506315	1508907	1	1	84	583
1507264	1510982	1	4	20	0
1510962	1511569	0	1	41	0
1511592	1512599	0	2	21	0
1515365	1517066	1	1	4	66
1517196	1518911	1	1	41	79
1518990	1521363	1	3	4	0
1521304	1523642	0	5	0	178
1525078	1525448	0	1	35	0
1525759	1526954	0	1	0	74
1527717	1528068	1	1	0	37
1528132	1530852	0	2	0	10
1530873	1531147	1	1	97	64
1531194	1532426	0	2	28	0
1532493	1534240	1	1	112	70
1534449	1537009	0	4	97	0
1536952	1537641	1	1	34	47
1543919	1545353	1	2	4	0
1545278	1548124	0	4	19	104
1548123	1548681	1	1	84	271
1548572	1548991	0	1	61	59
1549084	1551718	0	2	0	95
1551630	1553086	1	2	112	4
1554674	1556563	0	2	50	165
1557050	1559238	0	2	29	346
1559301	1560476	1	1	28	74
1560259	1561208	0	1	30	140
1561356	1563413	0	2	24	111
1563507	1566486	1	3	25	196
1566306	1568401	0	2	85	18
1568550	1570939	1	1	77	12
1570869	1572358	0	1	78	107
1572455	1583143	1	5	31	93
1583328	1586106	1	2	79	28
1586222	1588765	1	1	21	6
1588806	1589152	0	1	6	11
1589184	1590232	1	1	20	9
1590742	1591646	1	1	57	32
1592254	1596689	1	4	0	75
1598634	1599168	0	1	0	22
1599286	1600400	0	1	19	67
1600767	1602886	1	3	35	0
1604265	1605813	0	1	175	54
1606114	1606692	1	1	15	3
1606701	1608004	1	1	45	2
1608010	1608854	1	1	42	38
1609262	1610407	0	1	51	111
1610364	1611258	1	1	0	1
1611200	1611886	0	1	33	60
1611904	1613544	1	2	2	96
1612909	1614539	0	1	143	555
1614968	1617330	1	3	236	38
1617608	1619985	0	2	289	573
1622915	1625644	1	2	55	0
1625361	1629480	0	4	31	341
1630063	1630872	1	1	0	0
1631098	1636599	1	3	241	32
1640228	1642171	0	1	138	33
1641908	1643031	0	1	20	264
1643974	1644454	0	1	18	37
1645142	1646843	1	1	0	22
1646774	1648244	0	1	33	49
1648183	1648786	1	1	27	40
1648682	1651079	0	2	93	0
1651266	1652698	1	1	93	29
1652273	1655943	0	1	109	459
1655952	1659057	0	3	35	29
1659081	1667052	1	9	38	22
1667029	1667252	0	1	21	29
1668103	1670627	1	2	33	2
1671435	1672079	1	1	16	68
1672072	1673679	0	1	0	51
1673906	1675344	1	1	29	0
1675408	1678942	1	1	48	73
1678900	1681905	0	3	0	77
1682020	1683649	1	4	22	100
1683717	1687517	1	4	35	73
1687415	1689171	0	1	19	169
1689686	1692216	1	1	35	24
1692219	1692957	1	1	46	0
1692937	1696895	0	4	43	48
1697090	1698712	1	2	162	0
1698910	1700855	1	3	23	83
1701302	1702294	1	1	67	203
1701459	1705066	0	1	53	654
1706655	1707784	1	2	30	8
1707859	1708435	1	1	22	21
1708634	1710268	1	2	31	18
1714281	1716206	1	2	67	20
1716091	1716665	0	1	27	98
1716762	1717589	1	1	26	85
1717649	1720995	0	1	49	58
1720997	1723930	1	2	61	498
1723520	1724767	0	1	31	20
1725862	1728245	0	1	164	57
1728435	1728844	1	1	18	170
1728772	1729291	0	1	45	16
1729275	1730964	1	2	109	0
1731096	1731884	1	1	63	162
1731741	1733268	0	1	21	70
1733386	1733760	0	1	0	15
1733767	1735108	1	2	23	4
1735117	1735893	0	1	34	38
1735942	1737356	1	1	23	0
1737812	1739552	1	1	70	0
1739584	1741685	1	1	11	0
1742428	1743365	1	1	80	132
1743034	1744202	0	2	36	155
1744235	1747153	0	2	0	46
1747227	1747677	1	1	25	87
1747623	1748937	0	1	79	219
1749060	1752913	1	5	16	51
1756865	1757137	1	1	33	0
1757155	1758315	1	1	0	0
1759331	1759891	0	1	72	87
1759881	1762521	1	1	49	15
1762603	1763702	1	1	36	65
1763620	1764576	0	1	124	92
1764869	1765439	1	1	218	11
1765427	1767876	0	2	27	37
1767933	1768738	1	2	20	56
1768940	1772059	0	1	42	0
1772008	1772859	1	1	16	26
1772884	1775466	1	2	62	40
1775488	1776141	1	1	145	77
1776146	1778297	1	1	53	71
1778348	1780037	0	1	148	0
1780025	1781245	1	3	23	27
1781278	1782368	1	1	39	149
1783194	1783922	0	1	19	56
1783934	1791965	0	4	169	5
1791726	1792396	1	1	226	4
1792715	1793937	0	1	21	497
1794074	1795238	0	1	10	69
1795409	1797032	1	1	73	0
1797041	1797466	0	1	80	37
1797539	1799110	1	1	77	43
1799112	1800252	0	2	33	7
1800351	1802660	1	3	21	20
1802674	1804354	0	3	135	12
1804240	1810159	1	6	155	17
1809971	1812762	0	2	227	212
1812770	1813884	1	1	44	51
1814067	1815833	1	2	25	0
1815766	1817589	0	2	27	82
1817563	1818980	0	1	18	215
1818720	1820856	0	4	78	270
1819058	1821771	0	1	1	696
1821783	1824524	0	4	13	107
1824612	1825011	1	1	36	76
1824997	1826452	0	2	0	185
1826511	1827645	1	1	17	26
1827768	1831846	1	3	32	0
1831862	1832276	1	1	0	46
1832303	1832854	0	1	48	0
1832881	1835490	0	2	0	117
1835596	1836928	1	2	0	134
1836728	1837057	0	1	10	23
1837129	1840650	1	5	33	0
1840716	1842018	1	2	26	20
1841918	1843893	0	1	24	92
1845760	1847409	1	1	0	24
1847416	1849152	0	2	31	52
1849294	1852170	1	1	9	0
1852455	1853695	1	1	74	384
1853308	1854753	0	3	24	0
1855018	1859910	1	1	186	0
1859983	1861873	1	2	49	63
1861754	1863111	0	1	45	77
1863269	1865946	1	3	21	0
1865914	1866766	0	2	17	65
1866842	1867510	1	1	31	134
1867861	1868490	1	1	3	0
1868856	1870562	1	2	84	107
1870675	1871408	1	1	17	0
1871421	1873828	0	2	46	102
1873092	1874433	0	1	36	259
1875250	1876277	1	2	18	34
1876996	1880829	1	2	29	119
1880853	1884231	1	1	128	137
1883576	1884388	0	1	14	520
1884286	1886374	0	1	24	148
1886477	1891859	0	4	71	0
1891868	1892208	0	1	0	23
1892931	1893788	0	1	53	76
1893887	1894538	1	2	17	35
1894377	1895648	0	2	18	123
1895669	1896322	1	1	38	97
1896222	1897180	0	1	17	0
1896895	1898977	1	3	392	2
1899156	1899580	0	1	30	71
1899697	1901674	0	1	73	159
1901752	1903694	1	3	20	37
1903434	1906834	0	4	0	224
1906858	1907461	0	1	35	62
1907478	1908933	0	1	88	0
1908945	1910261	1	1	0	48
1910190	1911590	0	2	32	35
1911628	1911941	1	1	24	62
1911935	1913842	0	1	35	43
1913096	1916102	0	2	266	760
1916535	1917884	1	1	85	68
1919135	1922222	1	3	229	40
1925315	1925830	1	1	9	0
1925682	1926741	0	1	40	153
1926805	1930559	1	2	88	73
1930340	1931204	0	1	22	135
1931311	1932628	0	1	23	29
1932612	1935312	1	3	153	137
1935448	1936395	1	1	24	3
1936282	1936826	0	1	27	107
1938197	1942984	0	2	170	83
1943283	1943912	1	1	25	71
1943940	1946299	1	2	11	223
1946140	1948604	0	3	21	14
1948660	1952601	0	3	14	0
1952745	1953265	1	1	74	240
1953063	1955320	0	2	96	11
1954758	1957459	0	3	48	56
1957417	1959471	1	1	0	0
1959524	1960816	1	1	0	0
1960830	1961898	1	1	21	7
1961903	1963645	0	1	63	84
1963696	1965784	1	3	52	6
1965647	1967648	0	2	49	107
1967702	1968675	1	1	68	93
1968614	1969918	0	1	20	40
1969931	1972254	0	2	26	0
1972283	1972808	0	1	30	7
1972742	1973413	1	1	90	0
1973439	1984570	0	7	77	19
1984245	1985128	0	1	47	402
1985142	1988893	0	3	280	0
1986089	1989696	0	1	91	287
1989698	1989894	1	1	31	76
1989951	1991188	1	1	24	336
1990819	1992304	0	1	23	201
1992366	1994600	1	2	3	0
1994383	1995535	0	1	209	182
1995553	1998193	0	1	0	43
1998376	1999918	0	2	22	280
2000131	2001940	0	3	0	74
2001962	2005914	1	5	20	89
2006027	2009021	1	3	20	31
2009212	2011148	0	3	21	20
2015619	2016328	1	1	26	231
2016026	2018093	0	1	55	117
2018328	2019540	1	1	61	123
2019426	2021454	0	1	25	72
2021493	2021997	0	1	25	0
2022027	2023569	0	1	29	62
2025681	2027976	0	2	99	112
2027910	2029202	1	1	19	89
2029183	2030157	0	2	24	51
2030297	2032261	1	1	25	119
2032100	2032718	0	1	22	90
2032854	2033612	1	1	0	41
2033846	2036055	0	2	359	25
2035711	2040202	1	4	19	159
2040450	2040942	1	1	24	91
2041478	2044373	0	3	53	3
2044382	2047420	0	3	23	6
2047490	2050003	0	2	23	77
2050014	2050758	0	1	22	0
2050849	2051994	1	1	56	100
2051884	2052859	0	2	28	7
2052953	2055468	1	2	28	56
2055427	2057874	0	2	221	18
2057797	2058352	1	1	22	219
2058564	2061545	0	3	18	160
2061855	2062349	0	1	28	65
2062388	2063443	0	1	9	0
2064105	2065001	1	1	75	105
2064824	2066397	0	3	27	102
2067396	2067857	0	1	122	52
2067920	2070254	0	1	74	38
2070344	2071216	0	1	50	4
2071310	2072045	1	1	25	0
2072056	2072826	1	1	37	20
2073003	2074449	1	2	25	0
2074574	2075799	0	2	18	24
2075845	2079133	1	2	26	0
2079447	2080140	0	1	0	46
2080210	2081412	0	1	21	0
2081448	2082816	1	1	58	87
2082726	2084954	0	4	32	0
2085056	2085543	1	1	21	173
2085551	2085833	1	1	33	4
2085761	2090061	0	2	124	132
2090084	2092338	0	3	117	4
2093307	2097676	1	4	56	0
2097781	2099455	1	1	18	70
2099490	2101026	0	1	22	58
2101102	2103073	1	2	16	51
2103270	2104528	1	1	0	20
2104481	2108085	0	4	26	0
2108509	2109345	0	1	6	24
2110157	2111810	1	1	24	7
2111810	2112697	0	2	25	0
2112719	2114132	0	1	142	258
2114134	2117730	0	1	9	0
2118041	2121371	1	2	21	0
2121474	2126269	0	2	233	47
2126401	2127981	1	1	0	117
2127819	2129310	0	1	7	42
2129314	2130231	0	1	45	0
2130292	2132334	1	1	36	75
2132200	2133222	0	1	25	56
2133272	2134587	1	1	27	44
2134591	2135472	1	1	17	487
2135106	2135812	1	1	19	55
2135662	2137356	0	2	84	105
2137504	2138538	0	2	75	0
2138585	2139856	0	1	36	0
2139881	2140684	0	1	17	10
2140771	2141851	1	1	32	47
2141852	2142258	0	1	76	76
2142268	2143346	0	1	36	11
2143337	2144584	1	1	0	0
2144403	2149666	0	4	141	146
2149628	2153797	1	2	174	28
2152607	2155549	1	4	32	0
2155903	2156565	0	1	0	24
2156574	2157799	0	1	44	0
2157931	2160506	1	1	107	78
2160457	2163696	0	2	121	100
2164577	2167016	0	3	25	74
2167125	2167917	1	1	24	1
2167968	2168397	1	1	34	81
2168609	2169646	0	1	61	62
2169842	2173272	1	2	0	4
2174869	2176162	1	1	1	0
2176828	2177238	1	1	27	0
2177348	2179490	1	1	119	29
2181832	2184155	1	3	39	79
2184049	2184549	0	1	26	70
2184670	2188470	0	4	16	70
2189096	2190916	1	1	45	0
2190917	2191924	0	1	24	0
2191993	2192936	1	1	32	3
2192944	2193526	0	1	24	16
2193713	2196027	1	2	17	37
2196264	2197176	0	1	48	10
2197267	2202518	0	6	9	23
2207101	2207864	1	1	66	518
2207291	2208104	0	1	23	215
2208017	2209232	1	2	137	82
2209068	2211255	0	1	0	115
2211294	2213043	1	1	255	76
2212970	2213476	0	1	0	0
2213482	2216310	0	3	23	177
2216490	2220641	1	1	18	78
2221194	2223008	1	1	740	49
2223602	2224752	1	2	0	10
2226025	2226519	1	1	6	24
2226243	2226897	0	1	94	225
2226875	2228285	1	1	33	115
2228499	2229929	0	2	19	30
2230009	2230753	1	2	0	27
2230784	2232944	1	2	39	187
2232968	2234022	1	1	11	0
2234021	2237671	0	2	28	120
2238277	2241084	0	4	0	224
2241057	2243337	1	2	63	686
2242681	2244536	1	2	32	0
2244712	2244948	0	1	8	13
2245016	2245713	1	1	21	188
2246989	2247389	0	1	20	0
2248661	2251096	1	1	20	31
2251132	2251488	0	1	5	28
2254685	2255847	0	1	0	62
2255951	2257102	0	1	6	0
2257141	2258062	1	1	2	29
2257717	2261235	0	4	44	337
2261239	2261430	0	1	1	5
2261453	2262336	0	1	1	103
2262486	2263643	1	1	32	325
2263381	2263807	1	1	22	0
2265433	2267560	0	2	26	265
2267619	2268414	1	1	0	57
2268382	2269154	0	1	0	41
2269212	2270956	1	1	82	55
2270973	2273051	0	2	49	0
2274885	2275568	0	1	23	19
2275657	2276786	1	1	26	0
2276788	2277930	1	1	12	0
2282643	2283330	1	1	29	161
2283023	2300180	0	31	67	160
2300135	2301480	1	2	48	108
2301279	2303062	0	1	18	101
2303626	2305061	0	1	17	3
2305210	2305792	0	1	1	66
2305903	2307440	1	2	58	22
2310693	2314981	1	2	45	23
2315333	2315752	0	1	25	119
2315997	2316536	0	1	49	65
2318286	2321992	0	2	12	49
2322082	2323308	0	1	9	63
2323359	2324897	0	1	140	40
2324983	2325976	1	1	537	52
2325965	2326912	0	2	80	96
2326899	2328966	1	2	114	118
2328759	2332962	0	4	33	120
2333228	2334749	1	1	101	125
2334652	2335796	0	1	78	2
2335825	2336419	1	1	21	316
2337137	2339615	0	3	19	70
2340127	2340927	1	1	26	7
2340932	2343068	1	1	31	72
2343882	2344338	0	1	4	0
2344547	2344951	0	1	52	44
2345083	2347311	1	1	10	71
2347542	2349196	1	1	72	170
2349091	2350167	0	1	0	144
2350198	2351221	1	1	0	67
2351030	2353058	0	1	43	72
2353032	2353992	1	1	79	138
2353797	2355922	0	2	74	64
2357144	2358120	0	1	0	2
2358124	2361354	0	4	103	38
2361165	2364988	1	3	236	0
2366043	2368747	0	2	26	29
2369561	2370491	1	2	35	87
2370527	2371169	1	1	15	355
2371412	2372253	1	1	5	0
2372325	2374348	1	2	28	347
2374114	2377034	1	3	20	51
2377026	2377768	0	1	65	81
2377778	2379345	0	1	98	0
2379583	2380414	0	1	33	19
2380447	2381558	1	1	10	28
2381547	2383678	0	2	71	67
2383811	2385925	1	2	59	117
2386163	2388599	0	1	23	41
2389409	2389668	1	1	0	41
2390070	2391011	1	2	51	67
2391091	2392490	1	2	18	150
2392311	2393094	0	1	0	16
2393495	2394616	1	1	14	355
2394295	2394792	0	1	24	0
2394621	2395962	1	1	215	35
2395924	2398425	0	2	11	0
2398599	2399897	1	2	26	46
2399797	2404451	0	4	62	165
2404547	2405650	0	1	100	50
2405814	2410276	1	4	35	143
2410419	2411177	0	2	38	58
2411466	2412573	1	1	33	124
2412526	2413259	0	1	333	62
2413274	2414224	1	1	82	83
2413960	2415220	0	1	6	178
2415131	2416382	1	1	102	70
2416354	2417930	1	1	33	350
2417537	2418541	0	1	247	56
2418194	2419643	1	1	116	125
2419340	2420222	0	1	24	235
2420350	2421105	1	1	54	0
2421120	2422128	0	2	26	82
2422164	2422901	0	1	82	29
2422903	2424690	0	1	244	98
2424483	2428739	1	4	39	0
2428741	2429785	1	1	42	31
2429726	2430794	0	2	27	45
2430830	2432654	1	1	9	145
2432378	2433562	0	2	108	223
2433802	2438572	1	3	88	131
2438452	2441373	0	3	0	0
2441421	2445167	1	4	26	0
2445310	2447361	1	2	77	2
2447112	2447793	0	1	21	232
2448057	2448912	1	1	19	30
2450092	2451326	1	1	17	66
2451329	2457162	1	3	55	61
2457067	2460388	0	2	57	36
2460601	2461528	0	1	127	0
2465150	2465848	1	1	78	0
2465863	2467542	1	1	182	37
2467567	2469228	1	1	121	95
2469046	2471164	0	2	24	8
2471271	2474123	0	4	22	108
2472797	2475971	0	2	31	126
2476025	2477160	1	1	0	5
2479032	2481029	1	2	19	91
2480952	2482882	0	2	77	57
2482937	2484056	1	1	54	31
2484135	2484449	1	1	2	28
2484428	2485533	0	2	6	11
2485537	2486679	0	1	29	58
2486797	2488402	0	1	32	59
2488440	2489238	0	1	31	0
2489277	2490623	0	1	44	37
2490633	2491517	0	1	0	0
2492192	2493019	1	1	23	70
2492980	2498692	0	5	31	0
2498736	2498934	0	1	41	44
2498952	2500015	1	1	20	201
2499675	2500957	0	2	29	123
2500967	2502140	0	1	28	0
2502146	2505976	0	1	21	0
2506103	2508850	1	4	18	45
2508763	2512394	0	2	26	86
2510017	2513952	0	1	79	2423
2514250	2515319	1	1	26	48
2515451	2517716	0	1	22	93
2517789	2521691	0	4	51	67
2521850	2523940	0	2	21	70
2524069	2526878	1	2	25	74
2526835	2532028	0	4	70	141
2532047	2533395	0	1	21	53
2533456	2535200	1	2	80	75
2535209	2538366	1	2	31	8
2539736	2541222	0	1	41	171
2541270	2542777	0	1	40	34
2542826	2545446	0	2	75	0
2545468	2546705	0	2	119	0
2546827	2547600	1	1	23	43
2547556	2548451	0	1	8	21
2548553	2550562	1	1	69	36
2550683	2551748	1	1	21	274
2551597	2552565	1	1	100	101
2552586	2554886	1	2	25	63
2554961	2558207	1	3	42	91
2558210	2558735	1	1	46	144
2558280	2559896	0	2	22	308
2560356	2561116	1	1	19	175
2560845	2565194	0	4	30	101
2565271	2568334	0	3	29	26
2568591	2569566	1	2	22	55
2570956	2573066	1	1	56	117
2574819	2578409	0	4	38	0
2578471	2581735	0	3	19	0
2581900	2583098	1	1	39	95
2583000	2585497	0	2	37	0
2585648	2586093	0	1	21	20
2586581	2587819	0	2	22	218
2588000	2590282	1	3	28	111
2590211	2592198	0	2	75	45
2592269	2594283	1	2	16	125
2596667	2599174	0	3	26	52
2599191	2601955	0	1	59	0
2601979	2604076	0	2	50	0
2604084	2605033	0	1	23	0
2605009	2609177	1	2	0	299
2606749	2609717	1	3	33	0
2609721	2610427	1	1	20	0
2610695	2611139	0	1	102	58
2611288	2612984	1	2	95	78
2612868	2613919	0	1	30	122
2613976	2614616	1	1	22	238
2614270	2615777	0	1	117	125
2615756	2619110	1	1	55	0
2619075	2620994	0	3	34	18
2621054	2621670	0	1	23	48
2621687	2622327	0	1	29	150
2623378	2624469	0	2	20	0
2624946	2626217	1	1	36	57
2626219	2628093	1	1	18	62
2628487	2629560	1	1	0	0
2629750	2632109	0	1	47	0
2632134	2636398	0	6	44	0
2637686	2638414	0	1	226	44
2638465	2639037	1	1	11	1
2639087	2640310	0	1	328	59
2640012	2641302	1	1	61	0
2644187	2645425	0	2	33	130
2645497	2647629	1	2	25	13
2647628	2650051	0	3	19	0
2650082	2652068	1	1	20	89
2651656	2652419	0	1	42	404
2652431	2654126	0	2	24	85
2660576	2662152	0	1	42	20
2666975	2668248	1	2	43	37
2668265	2669766	1	2	34	61
2669711	2670270	0	1	42	2
2670288	2670803	1	1	67	11
2670843	2672951	0	2	19	23
2673063	2673961	1	1	0	113
2674070	2675478	1	2	23	205
2675317	2675929	0	1	4	0
2676016	2680326	1	3	9	405
2678811	2680459	1	2	49	46
2680385	2681870	0	2	31	25
2681983	2682813	0	1	0	0
2682852	2683847	0	1	34	47
2684023	2685045	1	1	21	54
2685047	2687350	1	2	4	35
2687126	2688118	0	1	84	252
2688227	2690161	0	1	42	78
2691079	2691501	1	1	25	77
2691605	2692583	1	1	21	427
2692127	2693852	0	2	95	26
2693730	2694978	1	1	98	50
2694806	2695876	0	1	6	243
