5354700
157
448
3049
4046
4299
4991
5488
8223
9360
12671
15372
17036
17540
22117
23012
23998
26803
27906
30233
30971
31671
31797
33162
34046
34446
34851
38047
38710
39588
42047
42741
44495
49155
51203
51717
52965
53209
55037
56084
56522
57366
58529
58806
60547
63220
64061
64419
64556
65627
71584
74576
80246
82724
85867
86877
87112
89043
90535
91080
92766
96723
97552
98297
100007
102065
103161
103967
104260
104910
105001
105055
109638
112017
113197
114325
117728
119733
120252
120725
122604
122748
122762
123106
127192
133170
134395
137991
138125
138185
139732
139762
140134
141138
141272
141431
141966
142136
142676
143250
145646
146412
147640
148019
150193
151007
152764
157314
157777
158571
161295
161755
165235
165442
168820
171239
173654
173865
175255
179934
180850
180954
181982
182011
182161
182506
182520
183242
184469
185202
188847
190997
192460
194875
197655
198761
200990
204974
205842
207129
208008
209880
215286
221764
222351
224591
225259
226458
227460
230383
230828
230936
231005
231868
232691
234027
237176
238540
239419
240470
243504
243960
247576
248724
253036
253440
254098
254943
255728
261783
263328
268420
271095
271510
272948
273065
274699
274733
274933
276990
280940
281332
282133
282953
284662
284878
287238
289605
290394
291294
293645
295434
295446
296371
296431
296909
297795
297825
299612
300023
301081
303571
308925
313374
316567
326444
328219
329895
330128
332307
335544
337315
337484
338666
338835
342324
347381
353860
354504
363984
366636
366761
368720
370132
371834
372564
374115
374133
376917
377869
378715
389279
390984
392689
393048
393638
394871
398136
398666
400194
401365
401959
402759
402787
404178
404923
406502
406779
407021
408799
409003
411518
414445
414807
415536
415798
417589
423609
424612
426826
428855
428990
429360
430428
441109
442301
444926
445592
455006
456973
461141
462184
462985
465873
465933
470763
472392
476373
477554
477777
482902
482914
485055
487871
491206
493068
493566
493617
494376
495084
496619
497410
500091
502415
503375
504386
507933
513132
514554
514612
514853
515261
516021
518573
520359
520383
520737
525400
527273
527371
528678
535331
535601
539380
539423
542979
543205
543917
549942
551333
553908
558276
563394
565114
568823
569779
572118
572168
572883
576013
576739
578831
579494
580479
582659
583120
584540
584659
588048
590503
591027
596731
600448
601954
605294
606970
611114
615838
617738
618115
620763
625276
626363
627147
627669
627849
628661
628709
630221
630719
631067
631172
631322
633093
633516
633815
635355
635501
637309
638844
640697
642276
646002
646482
646779
647562
648389
649095
649283
649519
652358
653809
655457
655577
656147
656261
661854
662043
662445
662491
662679
662785
663568
664193
667094
667980
668798
669236
669272
670245
672947
676202
676616
677547
679617
685726
685836
688196
688890
690593
693388
694170
694562
695880
696941
697828
698953
700535
701536
701979
701998
702345
705245
706796
707233
709673
710365
710604
710743
713256
713771
715994
716117
716328
716410
717402
718822
719033
719480
726619
727811
730491
730512
731063
731351
731561
733180
733357
737162
737276
740011
740392
742585
743498
746473
747110
748236
748379
752001
754098
754586
756492
761014
761051
761744
763460
765752
774441
775175
776432
778259
778772
778983
781547
789515
801452
802454
802598
805877
806909
812903
816616
816757
817190
817447
819177
820465
825548
826706
826905
827424
827976
830025
830062
830470
831599
831686
834097
834620
834978
835031
835273
835716
838320
838434
839853
839978
839995
841096
844965
849393
850142
851534
854523
855695
856636
857040
858042
858705
859010
864251
865465
865604
865915
868280
870067
871335
871373
873125
874956
875130
876499
876706
876976
877130
880767
881536
882387
883025
884450
885623
887152
889250
891137
891946
893677
894237
895547
896827
897767
901208
901515
902602
902807
908105
908598
910974
912401
915692
916012
917387
918189
920842
921959
925331
926061
926152
926410
927156
928684
928934
929769
930158
931029
936242
938069
942472
945022
945468
945756
946466
946774
947600
949931
951052
952008
952358
952894
952912
954283
958123
958780
959237
960375
960704
960986
962103
962739
964196
966309
967877
969404
973039
973120
973923
974397
976437
976990
979148
979225
980206
980794
984772
986551
988510
989446
990135
990481
991586
992408
993552
996064
998014
1002306
1005043
1007763
1009179
1009573
1011274
1013741
1014444
1014573
1014916
1015331
1016426
1019445
1019953
1022387
1023505
1025402
1025654
1025943
1026699
1028964
1030758
1031002
1031794
1036285
1037420
1037663
1038856
1039533
1039924
1040057
1042013
1042543
1042861
1043654
1047762
1050345
1050891
1053861
1054741
1057760
1059389
1060041
1063120
1063699
1063716
1066923
1067863
1067872
1068751
1068803
1070634
1071022
1071068
1071926
1072022
1072087
1077956
1077971
1078157
1078235
1078901
1081007
1081072
1082714
1083668
1083914
1085278
1086407
1087962
1088574
1089417
1090661
1094222
1097286
1097400
1099416
1102234
1102382
1106499
1107423
1108475
1113459
1115599
1119595
1120447
1122578
1123224
1124764
1125757
1126806
1127601
1128314
1131707
1131746
1132339
1132729
1134430
1136061
1137865
1140355
1141162
1142721
1143523
1144076
1146612
1147127
1153338
1154702
1156294
1158431
1160216
1160658
1161174
1161245
1163499
1165597
1166815
1169056
1171405
1171668
1172252
1174933
1177819
1178745
1179495
1182807
1185423
1186916
1189181
1189278
1194251
1194338
1194371
1195034
1198766
1199141
1199815
1200206
1201339
1201531
1206377
1211085
1211337
1213249
1213782
1219391
1221270
1221884
1222284
1226185
1226971
1227268
1231933
1232233
1233777
1234268
1238684
1239199
1239952
1240390
1242532
1246143
1246322
1246632
1247251
1247737
1247830
1251489
1251651
1252356
1255930
1258026
1258542
1259003
1259481
1261651
1262347
1262861
1263471
1264768
1265121
1266196
1268027
1270141
1271005
1272278
1274581
1277292
1278319
1278402
1279246
1280042
1284054
1285657
1287051
1290825
1291028
1292957
1293713
1295147
1295406
1295888
1296367
1300306
1302461
1305146
1305212
1307374
1307625
1308315
1308684
1308806
1310307
1310658
1313051
1315095
1315349
1316946
1317150
1318606
1321699
1322931
1323058
1323274
1323934
1324737
1326911
1327196
1328635
1330613
1330925
1331655
1335014
1336174
1336714
1338532
1339696
1341067
1341256
1341852
1342270
1342584
1343601
1345524
1346523
1346982
1347528
1348981
1350568
1350757
1350873
1353711
1355018
1356184
1356449
1357715
1358015
1359955
1365486
1365498
1369310
1371030
1372533
1379578
1381215
1381488
1383143
1387849
1389152
1389764
1391046
1393581
1394396
1397575
1398607
1398872
1399892
1402119
1402255
1407665
1410432
1414661
1415130
1417674
1418196
1419056
1419334
1420000
1421046
1421296
1421895
1423127
1426530
1426756
1427203
1430019
1432239
1432428
1432462
1433349
1433767
1434468
1435613
1436863
1437908
1438095
1439216
1440045
1440291
1441772
1447435
1452284
1455401
1456853
1457306
1459915
1460983
1462078
1463723
1466988
1472237
1475344
1475474
1476156
1476659
1477602
1481342
1481704
1483221
1484244
1487153
1490764
1491072
1492496
1493547
1494684
1496360
1502717
1506966
1508588
1511637
1512460
1513222
1516293
1517239
1518102
1518504
1523723
1525733
1528512
1530768
1531860
1533466
1533970
1536803
1536846
1539654
1544790
1544913
1550093
1551845
1552464
1553223
1553581
1554443
1555410
1561851
1565020
1569238
1570073
1574296
1576102
1576720
1578075
1578203
1578751
1579205
1581348
1582760
1583257
1584949
1585085
1585461
1586050
1588059
1588883
1589199
1589958
1590038
1592379
1592670
1594368
1596711
1597003
1602360
1605258
1611689
1620521
1622011
1623185
1623755
1623876
1624989
1625103
1626844
1627265
1634056
1635733
1638256
1638369
1639297
1639411
1639816
1641343
1643519
1644565
1644874
1646326
1646945
1649592
1651771
1651868
1652583
1653470
1656356
1660162
1663620
1664546
1664788
1665171
1665542
1666114
1671739
1672399
1674100
1677720
1677957
1679135
1679798
1681537
1682146
1682854
1682985
1683207
1686233
1686245
1686626
1688851
1689716
1692747
1694922
1695842
1697887
1699853
1699877
1700094
1700696
1700984
1701875
1702093
1703790
1706838
1709958
1710417
1710458
1710586
1710926
1714849
1715651
1717080
1722109
1722427
1723413
1723883
1725349
1725675
1726944
1727603
1731858
1732108
1732480
1733241
1733883
1736915
1737089
1742111
1743765
1749529
1750409
1755680
1758789
1760240
1768674
1772377
1773354
1774945
1775602
1777153
1778760
1780317
1781153
1781249
1783067
1784371
1784448
1784498
1784782
1788080
1788632
1788988
1789150
1789670
1790136
1792553
1793780
1794102
1795853
1797306
1797666
1797859
1798334
1799243
1799311
1800238
1800447
1801047
1803114
1803505
1805640
1806757
1807901
1809495
1812721
1813046
1815110
1816157
1816829
1817333
1819970
1821528
1823835
1824169
1824228
1826472
1829105
1829543
1829666
1830095
1830389
1832155
1833184
1835260
1838576
1839706
1840291
1840634
1841926
1842275
1843846
1846303
1850233
1852977
1856522
1858642
1858651
1859329
1862268
1862801
1863999
1864042
1872754
1874967
1884079
1884111
1885958
1887611
1887790
1889480
1890569
1897179
1897832
1898336
1899582
1899964
1900122
1901770
1902270
1904054
1905358
1905619
1906151
1908441
1909447
1909744
1910501
1916846
1919788
1925867
1929354
1929455
1932506
1932830
1938987
1939005
1940028
1941798
1942639
1945110
1947058
1948280
1953871
1954857
1958300
1958472
1958811
1963260
1963741
1964874
1968321
1969710
1972361
1978405
1979730
1979926
1985567
1987171
1989933
1990621
1990994
1994324
1996460
2000568
2001934
2002552
2005520
2005997
2006114
2007917
2019042
2019284
2020698
2021087
2022259
2024115
2024404
2028398
2031211
2032291
2037672
2043360
2044202
2044465
2046382
2047259
2050053
2050277
2050750
2050800
2058069
2058654
2059571
2062095
2062673
2063081
2063114
2064141
2071903
2076013
2077203
2078799
2078874
2080220
2080398
2080650
2081435
2082631
2090115
2091892
2093267
2094199
2095033
2095380
2095509
2096263
2097966
2098643
2099140
2100258
2101155
2105920
2106975
2109260
2109303
2110863
2111851
2113041
2113255
2115625
2115897
2119429
2120613
2120910
2125169
2128777
2129021
2130505
2131238
2134574
2135157
2135337
2138322
2138874
2139193
2141263
2142650
2144356
2146515
2150172
2151041
2153747
2154519
2160687
2163067
2164269
2164635
2164831
2165754
2165811
2166342
2168461
2168768
2173335
2174401
2175822
2175893
2178433
2179257
2180654
2184553
2185002
2189196
2192885
2193021
2193816
2196371
2196917
2197094
2200141
2204741
2205945
2206410
2208241
2213462
2215254
2217950
2218037
2220622
2221145
2221503
2221556
2221798
2222241
2223979
2225028
2225217
2225605
2228619
2229829
2230170
2231035
2231688
2232192
2233185
2233394
2233709
2234001
2235858
2236185
2237663
2237813
2238281
2239889
2241844
2244341
2245725
2246911
2247577
2248035
2248328
2249611
2250106
2254386
2255803
2262915
2264778
2266816
2267929
2270057
2273358
2275224
2275300
2275345
2276136
2279742
2280097
2285056
2287423
2288106
2288277
2288344
2289423
2290738
2290781
2292623
2295083
2296661
2299430
2300317
2301397
2303672
2305031
2305790
2309842
2317709
2317913
2318234
2323322
2324790
2324993
2325519
2326164
2328231
2328569
2329166
2337284
2337955
2338178
2339250
2339272
2339392
2339813
2340977
2341023
2345217
2347707
2347718
2348169
2349203
2349562
2350060
2350391
2353782
2355465
2361540
2362653
2364223
2365455
2366125
2366336
2367137
2368051
2368971
2369004
2369218
2370245
2371455
2371973
2373086
2375125
2377655
2378628
2380584
2385523
2386096
2389882
2390560
2391057
2393063
2393658
2394980
2396166
2397375
2401413
2402755
2404377
2405787
2409052
2410899
2411170
2411491
2412475
2414681
2418241
2418339
2420436
2421262
2421572
2424869
2427188
2427221
2428099
2429472
2430276
2430559
2431495
2431864
2433284
2440640
2441296
2444714
2446069
2447835
2450222
2452319
2453780
2453849
2453989
2454068
2458371
2458568
2459170
2459777
2460246
2461811
2462912
2471300
2473875
2474207
2475164
2475499
2477657
2477767
2478181
2478400
2479462
2479911
2479927
2480334
2481408
2482476
2482521
2482546
2483079
2483727
2484153
2486248
2487863
2490805
2498137
2498356
2499034
2499538
2501899
2502096
2506031
2507909
2508401
2509631
2511880
2513612
2514109
2515470
2516938
2517094
2518126
2518805
2521729
2522267
2522983
2526095
2526367
2528545
2532279
2535710
2537895
2539216
2539716
2541356
2542833
2543073
2544645
2546086
2549751
2549851
2551612
2555284
2556124
2562318
2564177
2564549
2565239
2566045
2566216
2566818
2566841
2568887
2569126
2569140
2569901
2577270
2578007
2578142
2578149
2578382
2579384
2580484
2583984
2587664
2588455
2588508
2588705
2590247
2591481
2591814
2597619
2598672
2602923
2603888
2604318
2606704
2610271
2611874
2613496
2614338
2614769
2615809
2615876
2617523
2618352
2618634
2619599
2620053
2621157
2622269
2623063
2623075
2623168
2623744
2623881
2625255
2625298
2625326
2627097
2637880
2639391
2642597
2645262
2647805
2652702
2656914
2658168
2659926
2660242
2662653
2666793
2667098
2667538
2667570
2668733
2670611
2671010
2671078
2671579
2671795
2672313
2672427
2673865
2674774
2676073
2676559
2678376
2679650
2683348
2685101
2685264
2685417
2687456
2689979
2690891
2691143
2693387
2695580
2696251
2696697
2698251
2699627
2701986
2703290
2704232
2706233
2707648
2708635
2709830
2710320
2710960
2715342
2720695
2723528
2727449
2728678
2730896
2733522
2733654
2733992
2741515
2743376
2747785
2748056
2750249
2752285
2754645
2761179
2761665
2761725
2763046
2763578
2764615
2767361
2767673
2768628
2768974
2771832
2772297
2772498
2773296
2776422
2776674
2777515
2778236
2779312
2781798
2784457
2784593
2787135
2787419
2793122
2794580
2795818
2796677
2796696
2796904
2797119
2797348
2799212
2801030
2807821
2811882
2813881
2818161
2819096
2820457
2824866
2825578
2827033
2828047
2831057
2831352
2832466
2833311
2833562
2834090
2835350
2838613
2838818
2844989
2846075
2849700
2850725
2852151
2852831
2853305
2854499
2855272
2855416
2856036
2858794
2860319
2862550
2864588
2864812
2867803
2869924
2870902
2871761
2872162
2872378
2873660
2874559
2875489
2875635
2876491
2878889
2879266
2881070
2881276
2883522
2885878
2887245
2888589
2890538
2893290
2894898
2895687
2895906
2896405
2896533
2898653
2901096
2901191
2905508
2906298
2907878
2908896
2912646
2913804
2915978
2916450
2920583
2920693
2926507
2926937
2927056
2927241
2928689
2929165
2929395
2935657
2936085
2936609
2937172
2937364
2941688
2944366
2945826
2948626
2949550
2950381
2951109
2951205
2952241
2952925
2952998
2955723
2958095
2958910
2959482
2959657
2959935
2961581
2964227
2964585
2964728
2965690
2966570
2966627
2966726
2971290
2976775
2977328
2979486
2979563
2980544
2981149
2982931
2983714
2983909
2984095
2985307
2986570
2990459
2991874
2993884
2996248
2998915
3001655
3003352
3004024
3007416
3007444
3008607
3009502
3012748
3013555
3015119
3019097
3019449
3020213
3023159
3025664
3026502
3026744
3027377
3028761
3029867
3029916
3031417
3034345
3034747
3037162
3039932
3040553
3041726
3041988
3042240
3043494
3044796
3045658
3047445
3047533
3048481
3050723
3051343
3051965
3054268
3055008
3060880
3061016
3061656
3063953
3066277
3066662
3066802
3067294
3070892
3071284
3075022
3075360
3079920
3085718
3087913
3090351
3092939
3094531
3095722
3096309
3096637
3098291
3099368
3101086
3102776
3105386
3105591
3109935
3110285
3112488
3117285
3122831
3122974
3128615
3131134
3131162
3133982
3136890
3138347
3143963
3145387
3145539
3150957
3151407
3153007
3153744
3154478
3157240
3161577
3162585
3164171
3165446
3165584
3167426
3167922
3171300
3172503
3172617
3183020
3187491
3188327
3189039
3192069
3192106
3192518
3192582
3192797
3193871
3194870
3198811
3202567
3209855
3211317
3211709
3212110
3212287
3213230
3214142
3215769
3216483
3216770
3216932
3221731
3223119
3223173
3223215
3224453
3226244
3228952
3230362
3233459
3238626
3238944
3239261
3239897
3241516
3242322
3242766
3243557
3245877
3246331
3246972
3247269
3247852
3249783
3250033
3250238
3252892
3253216
3254380
3255437
3258415
3259586
3261139
3261817
3263372
3264971
3265814
3265874
3270047
3271339
3278571
3281262
3284181
3285640
3288073
3288162
3288800
3292490
3292657
3293997
3294276
3294669
3294952
3297426
3297498
3298465
3299181
3299745
3300470
3301307
3301680
3304766
3308598
3308629
3308775
3309954
3310605
3311721
3314905
3315057
3315405
3316074
3322861
3323065
3324802
3330992
3334115
3336564
3337313
3337376
3340382
3340652
3340802
3341519
3342022
3342782
3345480
3346562
3348070
3349153
3350614
3354646
3354675
3355456
3356081
3356920
3361117
3362814
3366575
3367655
3371091
3372633
3372958
3373381
3375261
3378680
3380013
3382111
3385111
3385730
3386086
3387082
3389119
3389280
3389892
3391092
3392501
3392720
3394878
3395934
3398586
3404033
3406747
3406859
3408294
3408865
3409768
3412230
3412892
3414195
3418791
3420638
3420869
3423055
3423553
3424750
3425839
3427703
3428518
3430884
3431771
3433642
3433917
3434449
3434678
3435104
3436303
3437977
3438629
3441806
3441948
3443368
3443446
3443851
3444742
3446369
3446555
3446592
3452066
3455735
3458378
3464938
3465436
3468094
3468602
3475182
3476358
3482747
3484443
3484501
3485918
3485995
3486762
3487931
3489020
3492838
3493525
3494011
3494283
3498889
3499639
3499725
3503634
3504348
3506661
3508194
3508389
3509053
3510945
3512584
3513822
3515017
3515707
3516205
3517451
3518676
3518785
3523220
3523914
3524765
3525382
3527336
3528083
3529130
3530817
3531889
3533447
3534036
3534365
3534855
3535089
3536751
3537339
3537669
3537885
3541257
3543978
3554204
3554859
3555658
3556586
3562966
3563008
3564400
3566570
3567553
3568162
3570854
3570947
3573980
3576265
3576306
3576351
3576579
3577114
3577611
3581049
3581518
3583137
3585984
3587062
3588087
3589730
3589808
3590742
3593892
3594929
3595453
3597431
3599166
3600525
3603081
3603802
3604588
3608609
3612650
3613905
3619808
3621551
3623141
3623371
3623909
3625898
3628055
3630839
3632396
3633080
3635262
3637071
3639347
3640240
3640273
3641763
3642886
3647170
3651543
3651846
3652710
3652769
3653466
3654986
3657237
3658651
3660392
3661136
3662941
3667135
3670794
3672390
3673397
3675144
3676589
3677520
3682111
3682929
3683511
3683549
3683730
3683888
3685029
3687928
3688229
3688825
3688990
3691556
3692601
3695586
3696177
3698314
3701640
3704366
3706633
3713480
3714576
3715245
3716509
3718130
3718269
3721120
3721750
3722347
3724762
3726035
3728966
3733195
3733269
3733288
3733709
3734380
3734501
3736229
3743932
3745014
3747712
3750394
3758527
3759777
3759969
3763727
3765563
3769543
3772334
3773809
3776765
3778959
3781041
3781401
3782218
3782539
3782560
3783307
3783799
3786617
3787679
3788692
3788855
3789696
3797149
3798807
3799738
3801078
3803775
3809815
3809826
3811998
3813827
3814397
3816067
3816099
3819628
3822997
3823455
3823875
3825233
3825394
3827565
3828800
3829445
3831470
3832337
3832454
3832520
3833181
3834031
3835326
3835716
3836314
3837649
3838288
3838823
3839139
3840349
3840832
3841825
3843310
3844742
3846605
3849685
3850516
3853549
3854200
3858833
3859376
3861845
3862898
3868435
3869335
3870479
3870725
3870974
3872862
3873219
3873337
3873673
3882026
3882892
3883352
3894997
3895664
3897483
3897585
3898139
3898882
3899241
3901444
3902009
3902774
3904800
3913498
3914332
3916630
3917543
3918616
3918913
3919304
3924305
3925404
3931587
3931684
3932677
3936455
3939411
3939489
3946062
3947102
3947161
3950347
3951795
3953677
3953934
3955813
3957843
3958929
3959667
3962169
3962283
3963177
3964716
3966703
3966847
3967591
3968844
3968997
3970005
3970599
3971656
3971752
3971977
3978416
3980586
3983427
3983636
3983984
3991373
3992229
3992853
3994525
3996893
3998045
4000016
4002596
4003789
4004937
4009855
4010026
4015321
4016007
4017036
4017772
4018483
4021337
4022104
4025455
4026698
4026835
4027176
4027974
4028841
4031395
4032091
4033243
4034796
4036470
4036542
4037175
4038242
4039010
4039970
4040300
4042061
4045814
4046642
4047941
4054868
4055072
4058883
4061467
4061753
4064595
4064828
4066585
4066988
4068785
4073734
4074089
4074202
4074211
4074261
4076751
4079926
4082782
4083494
4083916
4085726
4086067
4088014
4092249
4094721
4095178
4096103
4097294
4100317
4100929
4102860
4111485
4113292
4113972
4114811
4114835
4115591
4115972
4119605
4123525
4126385
4126840
4128897
4129560
4132780
4133897
4133916
4134344
4135399
4137187
4139765
4140718
4140837
4142083
4142746
4145237
4145720
4146078
4146922
4147075
4147855
4147888
4151275
4151703
4151958
4154262
4158552
4160151
4160481
4160932
4160972
4161940
4163725
4165243
4166470
4167737
4168450
4169752
4171361
4172755
4172893
4172980
4176301
4176695
4181805
4182222
4183499
4184177
4185208
4189882
4190883
4191037
4191893
4192606
4193199
4195219
4196239
4197293
4197727
4197982
4199408
4201641
4202914
4203746
4204478
4206524
4206677
4207114
4208636
4209020
4209925
4211753
4212236
4214327
4216210
4220703
4221524
4229163
4231673
4233438
4233998
4235073
4235302
4235519
4235921
4235966
4238867
4238981
4243971
4244958
4245036
4245504
4246212
4249721
4250775
4256469
4257859
4259055
4259088
4260593
4264422
4265935
4267150
4267201
4267335
4267737
4274441
4274845
4275515
4277553
4278496
4279217
4279294
4280493
4280801
4282770
4282988
4283252
4287729
4287934
4289091
4292656
4292666
4292880
4293541
4293988
4294132
4294297
4297941
4300416
4301165
4302429
4307107
4307186
4307962
4310621
4311303
4311807
4315324
4315936
4316368
4316693
4317053
4317904
4318596
4320334
4321103
4324063
4324410
4324806
4326452
4326899
4328803
4329127
4329828
4331670
4334998
4335653
4336257
4336704
4336906
4337110
4337942
4343819
4347096
4347123
4347320
4347821
4347944
4347978
4348140
4351277
4351404
4352135
4358713
4359257
4360164
4360337
4363554
4364348
4365347
4368318
4370377
4371369
4371850
4373184
4373959
4374540
4375068
4377300
4382802
4384128
4388697
4395923
4397631
4399288
4400372
4401319
4401504
4401871
4410264
4411000
4411237
4411441
4414511
4417061
4419372
4420002
4420205
4421655
4422433
4426172
4426391
4428673
4430484
4431861
4432682
4432687
4432838
4434890
4435217
4435487
4436162
4437287
4439426
4440224
4440924
4442253
4448521
4449551
4449666
4449965
4451742
4452470
4455808
4457603
4458480
4458515
4458945
4459299
4459557
4460826
4461892
4462074
4462718
4465999
4466314
4466529
4467254
4468344
4470297
4470392
4471419
4471997
4472355
4473020
4473687
4475923
4476128
4476434
4480057
4482515
4483116
4485111
4488338
4488470
4489854
4491556
4495066
4498620
4499064
4500274
4501065
4502943
4504853
4505956
4506045
4506585
4507830
4512034
4517722
4521579
4524367
4524810
4526430
4534978
4535575
4537225
4542980
4543729
4545729
4547029
4549304
4550463
4551639
4552544
4554500
4555456
4559104
4559401
4559521
4562061
4567148
4567354
4567675
4569973
4572005
4577094
4577422
4577459
4578023
4579341
4581158
4584167
4587010
4587526
4587755
4591092
4591910
4596079
4597882
4601737
4602674
4602868
4603664
4604236
4604354
4604587
4605132
4608165
4610843
4611662
4611847
4612409
4614017
4616505
4619050
4619291
4619751
4620149
4621692
4622594
4623365
4628579
4628774
4628988
4630007
4633288
4635378
4635531
4636173
4636329
4636623
4641225
4646405
4646868
4650901
4653400
4658138
4660501
4660870
4667344
4667692
4669138
4669600
4671041
4671328
4672826
4678827
4679659
4681040
4681868
4684164
4684874
4689143
4689440
4690612
4696692
4698850
4703166
4703360
4703660
4705291
4706500
4708328
4713069
4714011
4714554
4714683
4714767
4715967
4719615
4722747
4724194
4724432
4725267
4729726
4735856
4738316
4739102
4741881
4745089
4753833
4754888
4757254
4759372
4761404
4761551
4763624
4764225
4764564
4767030
4767160
4769485
4769490
4770021
4772325
4772350
4778846
4779708
4779993
4781196
4783009
4783996
4784862
4784888
4789009
4790530
4793452
4798228
4798395
4799279
4799483
4799807
4800644
4800745
4801734
4801837
4801979
4802174
4805439
4806143
4807730
4807997
4810063
4810171
4810276
4812799
4818982
4819187
4819507
4820435
4822450
4822572
4823850
4824285
4824890
4826415
4826580
4826859
4827710
4827944
4832552
4832794
4834956
4835554
4835772
4836691
4836764
4837163
4838027
4838226
4839116
4840558
4842528
4842726
4843320
4843582
4843739
4845752
4845828
4848726
4849619
4850182
4851063
4851267
4851588
4855606
4855787
4859481
4861771
4862401
4864242
4869219
4869727
4872175
4872685
4873477
4873643
4874604
4876600
4877659
4878388
4878645
4878833
4881418
4883288
4883835
4884905
4885075
4886199
4888257
4888479
4891719
4895215
4895482
4897128
4900674
4903062
4904535
4905783
4906690
4908141
4908854
4909518
4909661
4912973
4914780
4916385
4916625
4918163
4919384
4923419
4926191
4926466
4929890
4931187
4931392
4933813
4934831
4935962
4936733
4943084
4947942
4949325
4950086
4950568
4954518
4954689
4958263
4961577
4961980
4962020
4962442
4963294
4964923
4965253
4965535
4980716
4980967
4983398
4985418
4986018
4988761
4990668
4991114
4993829
4994569
4996066
4997323
4997660
4998224
4998522
4999191
5000575
5000839
5002753
5004623
5005991
5006813
5007440
5008059
5009569
5009904
5010760
5012321
5014397
5016162
5016598
5016743
5018060
5019166
5019903
5023984
5027005
5030080
5030644
5031007
5033220
5040756
5040992
5041499
5043216
5045101
5050475
5050643
5052590
5053644
5054897
5055128
5055945
5056207
5057887
5059225
5060438
5065147
5065676
5067513
5070073
5070324
5071278
5077162
5078692
5081958
5082845
5082912
5084246
5085020
5085193
5086074
5086883
5087275
5089114
5089134
5090598
5091430
5092299
5092815
5092977
5093498
5094402
5095200
5096714
5098403
5099595
5104617
5108338
5109167
5109753
5111588
5112683
5113450
5114244
5114737
5115253
5118848
5121349
5122839
5123128
5124112
5128002
5133198
5134962
5135810
5136669
5137352
5138673
5141769
5142875
5143554
5144051
5146269
5147912
5148659
5151765
5152194
5155797
5155865
5156591
5156981
5158630
5159336
5159521
5159887
5160889
5161409
5162279
5164978
5167443
5167766
5172297
5172527
5174219
5176606
5178116
5180025
5180865
5186637
5190482
5192719
5194326
5195135
5199146
5199907
5200721
5200946
5200979
5201064
5202277
5204548
5204680
5205629
5205835
5206322
5206853
5207160
5207541
5207676
5209655
5210356
5210561
5211393
5213961
5214445
5215314
5217530
5217897
5224733
5227994
5229083
5234084
5235853
5242042
5243700
5244994
5247385
5249450
5249654
5252999
5253678
5254182
5255257
5256495
5259258
5259411
5259492
5263080
5264666
5268216
5269328
5271813
5275917
5277192
5277237
5280926
5281799
5286454
5288862
5289548
5290046
5292725
5296417
5296654
5297062
5299237
5301995
5302189
5305107
5306920
5309243
5309296
5310591
5311492
5311655
5313799
5313830
5314155
5314245
5315449
5315799
5317323
5319196
5320427
5321143
5322304
5324894
5326894
5326972
5327364
5327514
5328431
5328604
5329913
5332450
5333313
5334331
5335280
5335755
5337330
5339258
5339643
5339750
5339795
5340272
5342679
5350295
5350986
5351490
5353284
5353437
5354228
5354652
